 2 6 2 25 13 2
 2 25 13 2 2 13
 2 2 13 13 25 13
 2 13 13 25 13 25
 2 13 25 6 25 2
 2 13 25 25 25 25
 2 13 25 25 25 6
 2 13 25 25 6 25
 2 13 25 25 2 13
 2 13 25 2 13 25
 6 2 25 13 2 2
 6 25 25 25 25 25
 6 25 25 25 2 13
 6 25 25 6 25 25
 6 25 25 2 13 25
 6 25 2 13 25 25
 6 25 14 25 25 25
 25 13 2 2 13 13
 25 13 25 13 25 25
 25 13 25 25 21 13
 25 25 21 13 9 12
 25 25 25 25 25 25
 25 25 25 25 25 2
 25 25 25 25 25 6
 25 25 25 25 25 14
 25 25 25 25 25 27
 25 25 25 25 2 13
 25 25 25 25 6 25
 25 25 25 25 14 25
 25 25 25 25 27 27
 25 25 25 2 13 25
 25 25 25 6 25 25
 25 25 25 6 25 2
 25 25 25 14 25 25
 25 25 25 14 25 14
 25 25 25 27 27 27
 25 25 2 13 25 6
 25 25 2 13 25 25
 25 25 2 13 25 2
 25 25 6 25 25 25
 25 25 6 25 25 6
 25 25 6 25 25 2
 25 25 6 25 2 13
 25 25 6 25 14 25
 25 25 14 25 25 25
 25 25 14 25 14 25
 25 25 27 27 27 27
 25 21 13 9 12 14
 25 2 13 25 6 25
 25 2 13 25 25 25
 25 2 13 25 25 6
 25 2 13 25 25 2
 25 2 13 25 2 13
 25 6 25 2 13 25
 25 6 25 25 25 25
 25 6 25 25 25 2
 25 6 25 25 6 25
 25 6 25 25 2 13
 25 6 25 14 25 25
 25 14 25 25 25 25
 25 14 25 14 25 25
 25 27 27 27 27 27
 13 2 2 13 13 25
 13 13 25 13 25 13
 13 25 13 25 13 25
 13 25 13 25 25 21
 13 25 25 21 13 9
 13 25 25 25 25 25
 13 25 25 25 25 6
 13 25 25 25 6 25
 13 25 25 6 25 25
 13 25 25 6 25 2
 13 25 25 6 25 14
 13 25 25 2 13 25
 13 25 6 25 2 13
 13 25 2 13 25 25
 13 9 12 14 6 25
 21 13 9 12 14 6
 9 12 14 6 25 25
 12 14 6 25 25 25
 14 6 25 25 25 25
 14 25 25 25 25 25
 14 25 25 25 25 2
 14 25 14 25 25 25
