 14 19 17 25 17 17 25 17 14 19
 14 19 17 25 17 17 25 17 17 25
 14 19 17 25 17 17 25 17 17 17
 14 19 17 25 17 17 25 17 19 14
 14 19 17 25 17 17 25 17 19 17
 14 19 17 25 17 17 25 17 25 25
 14 19 17 25 17 17 25 17 25 17
 14 19 17 25 17 17 25 25 17 14
 14 19 17 25 17 17 25 25 17 17
 14 19 17 25 17 17 25 25 17 19
 14 19 17 25 17 17 25 25 25 17
 14 19 17 25 17 17 25 25 25 25
 14 19 17 25 17 17 17 17 25 17
 14 19 17 25 17 17 17 17 25 25
 14 19 17 25 17 17 17 17 17 17
 14 19 17 25 17 17 17 17 17 25
 14 19 17 25 17 17 17 14 19 17
 14 19 17 25 17 17 17 25 17 17
 14 19 17 25 17 17 17 25 17 25
 14 19 17 25 17 17 6 25 25 25
 14 19 17 25 17 17 14 19 17 25
 14 19 17 25 17 14 19 6 14 19
 14 19 17 25 17 14 19 17 17 25
 14 19 17 25 17 14 19 17 17 14
 14 19 17 25 17 14 19 17 17 17
 14 19 17 25 17 14 19 17 17 19
 14 19 17 25 17 14 19 17 25 17
 14 19 17 25 17 14 19 17 25 25
 14 19 17 25 17 14 19 19 14 17
 14 19 17 25 17 14 19 14 19 17
 14 19 17 25 17 14 19 14 17 25
 14 19 17 25 17 14 14 19 17 17
 14 19 17 25 17 14 14 19 17 25
 14 19 17 25 17 25 25 17 25 17
 14 19 17 25 17 25 25 17 25 25
 14 19 17 25 17 25 25 17 14 19
 14 19 17 25 17 25 25 17 19 14
 14 19 17 25 17 25 25 17 17 25
 14 19 17 25 17 25 25 25 17 14
 14 19 17 25 17 25 17 25 17 14
 14 19 17 25 17 25 17 25 17 19
 14 19 17 25 17 25 17 14 19 17
 14 19 17 25 17 25 17 17 25 17
 14 19 17 25 17 25 17 17 25 25
 14 19 17 25 17 25 17 19 14 17
 14 19 17 25 17 19 14 17 25 17
 14 19 17 25 17 19 14 17 25 25
 14 19 17 25 17 19 14 17 17 14
 14 19 17 25 17 19 14 17 17 17
 14 19 17 25 17 19 14 17 17 19
 14 19 17 25 17 19 14 17 17 25
 14 19 17 25 17 19 14 19 14 17
 14 19 17 25 17 19 14 14 19 14
 14 19 17 25 17 19 17 25 17 14
 14 19 17 25 17 19 17 25 17 19
 14 19 17 25 17 19 17 17 14 17
 14 19 17 25 25 17 14 19 17 17
 14 19 17 25 25 17 14 19 17 25
 14 19 17 25 25 17 14 19 19 14
 14 19 17 25 25 17 14 14 19 17
 14 19 17 25 25 17 14 17 25 17
 14 19 17 25 25 17 25 17 14 19
 14 19 17 25 25 17 25 17 19 14
 14 19 17 25 25 17 25 17 19 17
 14 19 17 25 25 17 25 17 17 25
 14 19 17 25 25 17 17 25 17 14
 14 19 17 25 25 17 17 25 17 19
 14 19 17 25 25 17 17 25 17 17
 14 19 17 25 25 17 17 17 17 17
 14 19 17 25 25 17 17 17 14 19
 14 19 17 25 25 17 19 14 17 25
 14 19 17 25 25 17 19 14 17 17
 14 19 17 25 25 17 19 17 25 25
 14 19 17 25 25 17 19 17 25 17
 14 19 17 25 25 25 17 14 19 17
 14 19 17 25 25 25 17 14 19 14
 14 19 17 25 25 25 17 14 19 19
 14 19 17 25 25 25 17 14 14 19
 14 19 17 25 25 25 17 19 17 25
 14 19 17 25 25 25 17 25 17 14
 14 19 17 25 25 25 17 17 25 17
 14 19 17 25 25 25 25 25 17 14
 14 19 17 17 25 17 14 19 17 17
 14 19 17 17 25 17 17 25 17 17
 14 19 17 17 25 17 17 17 25 17
 14 19 17 17 14 19 17 17 14 19
 14 19 17 17 14 19 17 17 14 14
 14 19 17 17 14 19 17 17 14 17
 14 19 17 17 14 19 17 17 17 14
 14 19 17 17 14 19 17 17 17 17
 14 19 17 17 14 19 17 17 17 25
 14 19 17 17 14 19 17 17 17 19
 14 19 17 17 14 19 17 17 19 14
 14 19 17 17 14 19 17 17 19 17
 14 19 17 17 14 19 17 17 19 19
 14 19 17 17 14 19 17 25 17 25
 14 19 17 17 14 19 17 25 17 14
 14 19 17 17 14 19 17 25 17 17
 14 19 17 17 14 19 17 25 17 19
 14 19 17 17 14 19 17 25 25 25
 14 19 17 17 14 19 17 25 25 17
 14 19 17 17 14 19 19 14 17 17
 14 19 17 17 14 19 19 14 17 25
 14 19 17 17 14 19 19 14 14 19
 14 19 17 17 14 19 19 19 19 19
 14 19 17 17 14 19 19 19 14 14
 14 19 17 17 14 19 19 17 25 17
 14 19 17 17 14 19 14 19 17 17
 14 19 17 17 14 19 14 19 17 25
 14 19 17 17 14 19 14 19 14 19
 14 19 17 17 14 19 14 17 17 14
 14 19 17 17 14 14 19 17 17 19
 14 19 17 17 14 14 19 17 17 14
 14 19 17 17 14 17 17 14 19 17
 14 19 17 17 14 17 17 19 17 17
 14 19 17 17 19 14 17 17 14 19
 14 19 17 17 19 14 17 17 19 14
 14 19 17 17 19 14 17 17 19 19
 14 19 17 17 19 14 17 17 19 17
 14 19 17 17 19 14 17 17 17 19
 14 19 17 17 19 14 17 17 17 17
 14 19 17 17 19 14 17 17 17 25
 14 19 17 17 19 14 17 25 17 19
 14 19 17 17 19 14 17 25 17 14
 14 19 17 17 19 14 14 19 17 25
 14 19 17 17 19 14 14 19 17 17
 14 19 17 17 19 14 19 14 17 25
 14 19 17 17 19 19 14 14 17 17
 14 19 17 17 19 19 14 14 17 25
 14 19 17 17 19 19 17 25 17 14
 14 19 17 17 19 19 17 25 17 25
 14 19 17 17 19 17 17 19 14 14
 14 19 17 17 19 17 17 14 19 14
 14 19 17 17 19 17 17 14 19 17
 14 19 17 17 19 17 17 14 19 19
 14 19 17 17 17 17 14 19 14 19
 14 19 17 17 17 17 14 19 17 25
 14 19 17 17 17 17 14 19 17 17
 14 19 17 17 17 17 14 19 19 14
 14 19 17 17 17 17 17 25 17 17
 14 19 17 17 17 17 17 25 17 14
 14 19 17 17 17 17 17 25 25 17
 14 19 17 17 17 17 17 14 19 17
 14 19 17 17 17 17 17 17 14 19
 14 19 17 17 17 17 17 17 17 17
 14 19 17 17 17 17 17 17 17 25
 14 19 17 17 17 17 17 17 17 19
 14 19 17 17 17 17 17 17 19 14
 14 19 17 17 17 17 17 19 14 17
 14 19 17 17 17 17 17 19 17 17
 14 19 17 17 17 17 19 14 17 17
 14 19 17 17 17 17 19 17 17 14
 14 19 17 17 17 17 25 25 17 14
 14 19 17 17 17 17 25 25 25 17
 14 19 17 17 17 14 19 17 17 14
 14 19 17 17 17 14 19 17 17 17
 14 19 17 17 17 14 19 17 25 17
 14 19 17 17 17 14 19 17 25 25
 14 19 17 17 17 14 19 14 19 17
 14 19 17 17 17 14 19 19 14 17
 14 19 17 17 17 25 17 14 19 17
 14 19 17 17 17 25 17 17 25 17
 14 19 17 17 17 25 17 19 14 17
 14 19 17 17 17 25 25 17 14 19
 14 19 17 17 17 19 14 17 17 17
 14 19 17 17 17 19 14 17 17 14
 14 19 17 17 17 19 14 17 17 19
 14 19 17 6 25 25 25 25 27 27
 14 19 6 14 19 17 25 17 14 19
 14 19 19 14 17 17 14 19 19 14
 14 19 19 14 17 17 14 19 14 19
 14 19 19 14 17 17 14 19 17 17
 14 19 19 14 17 17 14 19 17 25
 14 19 19 14 17 17 17 17 19 14
 14 19 19 14 17 17 17 17 14 19
 14 19 19 14 17 17 17 17 17 19
 14 19 19 14 17 17 17 14 19 17
 14 19 19 14 17 17 17 19 14 17
 14 19 19 14 17 17 19 14 17 17
 14 19 19 14 17 17 19 14 17 25
 14 19 19 14 17 17 19 17 17 14
 14 19 19 14 17 25 17 17 25 17
 14 19 19 14 17 25 17 17 25 25
 14 19 19 14 17 25 17 17 17 17
 14 19 19 14 17 25 17 17 17 25
 14 19 19 14 17 25 17 17 14 19
 14 19 19 14 17 25 17 14 19 17
 14 19 19 14 17 25 17 25 17 14
 14 19 19 14 17 25 17 25 25 25
 14 19 19 14 17 25 25 17 14 19
 14 19 19 14 17 25 25 17 17 25
 14 19 19 14 17 25 25 17 25 17
 14 19 19 14 17 25 25 17 25 25
 14 19 19 14 17 25 25 25 17 14
 14 19 19 14 17 25 25 25 17 25
 14 19 19 14 17 25 25 25 25 25
 14 19 19 14 17 25 25 25 25 17
 14 19 19 14 14 19 17 17 14 19
 14 19 19 14 14 19 17 25 17 25
 14 19 19 14 14 19 17 25 17 17
 14 19 19 19 19 19 19 19 19 19
 14 19 19 19 14 14 17 25 17 17
 14 19 19 19 14 14 17 25 17 14
 14 19 19 19 14 14 17 25 25 25
 14 19 19 19 14 14 17 17 17 17
 14 19 19 17 25 17 25 25 17 14
 14 19 19 17 25 17 17 25 25 25
 14 19 19 17 25 25 25 25 17 14
 14 19 14 19 17 17 19 14 17 17
 14 19 14 19 17 17 17 17 14 19
 14 19 14 19 17 17 17 17 17 25
 14 19 14 19 17 17 17 17 17 17
 14 19 14 19 17 17 17 17 17 14
 14 19 14 19 17 17 17 17 19 14
 14 19 14 19 17 17 17 14 19 14
 14 19 14 19 17 17 17 14 19 17
 14 19 14 19 17 17 17 25 17 14
 14 19 14 19 17 17 17 19 14 17
 14 19 14 19 17 17 14 19 17 17
 14 19 14 19 17 17 14 19 17 25
 14 19 14 19 17 17 14 19 14 19
 14 19 14 19 17 25 17 17 17 17
 14 19 14 19 17 25 17 17 17 14
 14 19 14 19 17 25 17 17 17 25
 14 19 14 19 17 25 17 17 25 17
 14 19 14 19 17 25 17 17 25 25
 14 19 14 19 17 25 17 17 14 19
 14 19 14 19 17 25 17 25 17 14
 14 19 14 19 17 25 17 25 17 17
 14 19 14 19 17 25 17 14 19 17
 14 19 14 19 17 25 17 14 19 14
 14 19 14 19 17 25 17 19 14 17
 14 19 14 19 17 25 17 19 14 14
 14 19 14 19 17 25 25 17 14 19
 14 19 14 19 17 25 25 17 17 25
 14 19 14 19 17 25 25 17 17 17
 14 19 14 19 17 25 25 25 25 25
 14 19 14 19 14 19 17 17 17 17
 14 19 14 19 14 19 17 17 14 19
 14 19 14 19 14 19 17 25 17 17
 14 19 14 19 14 19 17 25 17 19
 14 19 14 19 14 19 17 25 17 14
 14 19 14 19 14 19 14 19 14 19
 14 19 14 19 14 19 14 19 17 25
 14 19 14 19 14 17 17 17 17 17
 14 19 14 19 19 14 17 25 17 17
 14 19 14 17 25 25 17 25 17 14
 14 19 14 17 25 25 17 14 19 17
 14 19 14 17 25 25 25 17 17 25
 14 19 14 17 25 25 25 25 25 17
 14 19 14 17 25 17 17 25 17 17
 14 19 14 17 25 17 17 25 17 14
 14 19 14 17 25 17 17 25 25 17
 14 19 14 17 25 17 17 17 17 17
 14 19 14 17 25 17 17 17 25 17
 14 19 14 17 25 17 14 19 17 25
 14 19 14 17 25 17 14 19 17 17
 14 19 14 17 25 17 19 14 17 25
 14 19 14 17 25 17 19 17 25 17
 14 19 14 17 17 17 17 14 19 17
 14 19 14 17 17 17 17 17 17 14
 14 19 14 17 17 14 19 17 17 14
 14 19 14 17 17 14 19 19 14 17
 14 19 14 17 17 19 14 17 17 19
 14 19 14 17 17 19 17 17 14 19
 14 19 14 14 19 17 25 17 25 17
 14 19 14 14 19 17 17 17 17 17
 14 17 17 14 19 19 14 17 17 14
 14 17 17 14 19 19 14 17 17 17
 14 17 17 14 19 19 14 17 17 19
 14 17 17 14 19 19 14 17 25 17
 14 17 17 14 19 19 14 17 25 25
 14 17 17 14 19 19 14 14 19 17
 14 17 17 14 19 14 19 17 17 19
 14 17 17 14 19 14 19 17 25 17
 14 17 17 14 19 14 19 14 19 17
 14 17 17 14 19 14 19 19 14 17
 14 17 17 14 19 17 17 14 19 14
 14 17 17 14 19 17 17 14 19 19
 14 17 17 14 19 17 17 14 19 17
 14 17 17 14 19 17 17 19 19 14
 14 17 17 14 19 17 17 19 14 17
 14 17 17 14 19 17 17 19 14 14
 14 17 17 14 19 17 17 19 17 17
 14 17 17 14 19 17 17 17 17 19
 14 17 17 14 19 17 17 17 17 14
 14 17 17 14 19 17 17 17 17 17
 14 17 17 14 19 17 17 17 14 19
 14 17 17 14 19 17 17 17 25 17
 14 17 17 14 19 17 17 17 19 14
 14 17 17 14 19 17 25 17 17 25
 14 17 17 14 19 17 25 17 14 19
 14 17 17 14 19 17 25 17 19 14
 14 17 17 19 19 14 14 17 17 19
 14 17 17 19 19 14 14 17 25 17
 14 17 17 19 19 17 25 17 14 17
 14 17 17 19 19 17 25 17 14 14
 14 17 17 19 14 17 25 17 17 25
 14 17 17 19 14 17 25 17 19 14
 14 17 17 19 14 17 25 17 14 19
 14 17 17 19 14 17 17 14 19 17
 14 17 17 19 14 17 17 14 19 19
 14 17 17 19 14 17 17 14 19 14
 14 17 17 19 14 17 17 19 14 17
 14 17 17 19 14 17 17 19 14 14
 14 17 17 19 14 17 17 19 14 19
 14 17 17 19 14 17 17 19 19 14
 14 17 17 19 14 17 17 19 19 17
 14 17 17 19 14 17 17 19 17 17
 14 17 17 19 14 17 17 17 17 19
 14 17 17 19 14 17 17 17 19 14
 14 17 17 19 14 19 14 17 17 17
 14 17 17 19 14 19 14 17 25 17
 14 17 17 19 14 19 14 17 25 25
 14 17 17 19 14 19 14 14 19 17
 14 17 17 19 14 19 14 19 14 17
 14 17 17 19 14 14 19 17 25 17
 14 17 17 19 14 14 19 14 19 17
 14 17 17 19 17 17 14 19 17 17
 14 17 17 19 17 17 14 19 14 17
 14 17 17 19 17 17 19 14 14 17
 14 17 17 17 17 19 14 17 17 17
 14 17 17 17 17 19 14 17 17 19
 14 17 17 17 17 19 14 17 17 14
 14 17 17 17 17 19 17 17 14 19
 14 17 17 17 17 19 19 14 14 17
 14 17 17 17 17 14 19 17 25 17
 14 17 17 17 17 14 19 17 17 17
 14 17 17 17 17 14 19 17 17 14
 14 17 17 17 17 14 19 17 17 19
 14 17 17 17 17 14 19 19 14 17
 14 17 17 17 17 17 17 14 19 17
 14 17 17 17 17 17 17 19 14 17
 14 17 17 17 17 17 17 17 25 17
 14 17 17 17 17 17 17 17 17 17
 14 17 17 17 17 17 17 17 14 19
 14 17 17 17 17 17 25 17 17 17
 14 17 17 17 17 17 25 17 25 17
 14 17 17 17 17 17 25 25 25 17
 14 17 17 17 17 17 19 14 17 17
 14 17 17 17 17 17 14 19 17 17
 14 17 17 17 14 19 17 17 17 17
 14 17 17 17 14 19 17 17 19 19
 14 17 17 17 14 19 17 17 19 17
 14 17 17 17 14 19 17 17 14 19
 14 17 17 17 19 14 17 17 19 14
 14 17 17 17 19 14 17 17 19 19
 14 17 17 17 19 14 17 17 19 17
 14 17 17 17 19 14 17 17 14 19
 14 17 17 17 19 14 17 17 17 17
 14 17 17 17 19 14 17 17 17 19
 14 17 17 17 19 14 17 17 17 14
 14 17 17 17 25 17 14 19 17 17
 14 17 17 17 25 17 25 25 17 14
 14 17 17 17 25 17 17 25 17 17
 14 17 17 25 17 25 17 17 25 17
 14 17 17 25 17 17 25 17 25 17
 14 17 17 25 25 25 17 17 25 17
 14 17 17 27 27 27 27 27 27 27
 14 17 25 17 17 25 17 17 25 17
 14 17 25 17 17 25 17 17 25 25
 14 17 25 17 17 25 17 17 17 25
 14 17 25 17 17 25 17 14 19 17
 14 17 25 17 17 25 17 25 17 14
 14 17 25 17 17 25 17 25 17 19
 14 17 25 17 17 25 17 25 17 25
 14 17 25 17 17 25 17 25 25 17
 14 17 25 17 17 25 17 19 14 17
 14 17 25 17 17 25 17 19 17 25
 14 17 25 17 17 25 25 25 25 17
 14 17 25 17 17 25 25 25 17 14
 14 17 25 17 17 25 25 17 17 25
 14 17 25 17 17 25 25 17 14 19
 14 17 25 17 17 25 25 17 25 17
 14 17 25 17 17 17 17 17 17 25
 14 17 25 17 17 17 17 17 25 17
 14 17 25 17 17 17 17 25 17 17
 14 17 25 17 17 17 17 25 17 25
 14 17 25 17 17 17 25 17 17 17
 14 17 25 17 17 14 19 17 25 17
 14 17 25 17 19 14 17 25 17 14
 14 17 25 17 19 14 17 25 17 19
 14 17 25 17 19 14 17 25 17 17
 14 17 25 17 19 14 17 25 17 25
 14 17 25 17 19 14 17 25 25 17
 14 17 25 17 19 14 17 25 25 25
 14 17 25 17 19 14 17 17 19 14
 14 17 25 17 19 14 17 17 14 19
 14 17 25 17 19 14 17 17 25 17
 14 17 25 17 19 14 14 19 17 17
 14 17 25 17 19 17 25 17 14 19
 14 17 25 17 19 17 25 17 14 14
 14 17 25 17 19 17 25 17 19 14
 14 17 25 17 19 17 25 25 17 14
 14 17 25 17 14 19 17 25 17 14
 14 17 25 17 14 19 17 25 17 19
 14 17 25 17 14 19 17 25 17 25
 14 17 25 17 14 19 17 25 17 17
 14 17 25 17 14 19 17 25 25 17
 14 17 25 17 14 19 17 25 25 25
 14 17 25 17 14 19 17 17 14 19
 14 17 25 17 14 19 17 17 17 17
 14 17 25 17 14 19 17 17 17 25
 14 17 25 17 14 19 17 17 19 14
 14 17 25 17 14 19 14 19 17 17
 14 17 25 17 14 19 14 19 17 25
 14 17 25 17 14 14 19 17 25 17
 14 17 25 17 25 25 17 14 19 17
 14 17 25 17 25 25 17 19 14 17
 14 17 25 17 25 25 25 17 17 25
 14 17 25 17 25 17 17 25 17 19
 14 17 25 17 25 17 17 25 17 14
 14 17 25 17 25 17 17 25 17 17
 14 17 25 17 25 17 17 25 25 17
 14 17 25 17 25 17 25 17 14 19
 14 17 25 17 25 17 14 19 17 17
 14 17 25 17 25 17 14 19 17 25
 14 17 25 17 25 17 19 14 17 25
 14 17 25 17 25 17 19 17 25 17
 14 17 25 25 25 17 14 19 17 25
 14 17 25 25 25 17 14 14 19 17
 14 17 25 25 25 17 17 25 17 14
 14 17 25 25 25 17 25 17 14 19
 14 17 25 25 25 25 25 25 25 25
 14 17 25 25 25 25 25 17 14 19
 14 17 25 25 25 25 17 17 25 17
 14 17 25 25 25 25 17 14 19 17
 14 17 25 25 17 25 17 14 19 17
 14 17 25 25 17 25 17 17 17 17
 14 17 25 25 17 25 25 17 14 19
 14 17 25 25 17 14 19 17 25 25
 14 17 25 25 17 14 19 17 25 17
 14 17 25 25 17 14 19 17 17 14
 14 17 25 25 17 14 19 14 19 17
 14 17 25 25 17 17 25 17 19 14
 14 17 25 25 17 17 25 17 14 19
 14 17 25 25 17 17 25 25 17 17
 14 17 25 25 17 19 14 17 25 17
 14 17 25 25 17 19 14 17 25 25
 14 14 19 17 25 25 17 25 17 14
 14 14 19 17 25 25 17 17 25 17
 14 14 19 17 25 25 17 14 19 17
 14 14 19 17 25 25 17 19 17 25
 14 14 19 17 25 25 25 17 14 19
 14 14 19 17 25 17 17 25 17 25
 14 14 19 17 25 17 17 25 17 17
 14 14 19 17 25 17 17 25 17 14
 14 14 19 17 25 17 17 25 25 25
 14 14 19 17 25 17 17 25 25 17
 14 14 19 17 25 17 17 17 25 17
 14 14 19 17 25 17 17 17 17 17
 14 14 19 17 25 17 17 17 17 25
 14 14 19 17 25 17 14 19 17 17
 14 14 19 17 25 17 14 19 17 25
 14 14 19 17 25 17 14 19 19 14
 14 14 19 17 25 17 25 17 14 19
 14 14 19 17 25 17 25 17 17 25
 14 14 19 17 25 17 25 17 19 14
 14 14 19 17 25 17 25 25 17 25
 14 14 19 17 25 17 19 17 25 17
 14 14 19 17 25 17 19 14 17 17
 14 14 19 17 25 17 19 14 17 25
 14 14 19 17 17 19 17 17 14 19
 14 14 19 17 17 14 19 17 17 19
 14 14 19 17 17 14 19 17 17 17
 14 14 19 17 17 14 19 17 17 14
 14 14 19 17 17 14 19 17 25 17
 14 14 19 17 17 17 17 19 14 17
 14 14 19 17 17 17 17 17 17 17
 14 14 19 17 17 17 17 17 14 19
 14 14 19 17 17 17 17 14 19 17
 14 14 19 17 17 17 17 14 19 19
 14 14 19 14 19 17 25 17 17 17
 14 14 19 14 19 17 25 25 17 17
 14 14 19 14 19 14 19 17 25 17
 14 14 17 17 19 19 14 14 17 17
 14 14 17 17 19 14 17 25 17 17
 14 14 17 17 19 14 17 17 19 14
 14 14 17 17 14 19 17 17 14 19
 14 14 17 17 14 19 17 17 17 19
 14 14 17 17 14 19 17 17 19 14
 14 14 17 17 17 17 14 19 17 25
 14 14 17 17 17 17 14 19 17 17
 14 14 17 17 17 17 14 19 19 14
 14 14 17 17 17 17 17 25 17 17
 14 14 17 17 17 17 17 25 25 25
 14 14 17 17 17 17 17 17 17 17
 14 14 17 17 17 17 17 14 19 17
 14 14 17 25 17 17 25 17 17 25
 14 14 17 25 17 17 25 25 25 17
 14 14 17 25 17 17 17 17 25 17
 14 14 17 25 17 17 17 17 17 25
 14 14 17 25 17 14 19 17 25 17
 14 14 17 25 17 14 19 17 17 14
 14 14 17 25 17 19 17 25 17 14
 14 14 17 25 17 19 14 17 25 17
 14 14 17 25 17 25 17 19 14 17
 14 14 17 25 25 25 25 25 25 25
 14 14 17 25 25 25 25 17 14 19
 14 14 17 25 25 17 14 19 17 25
 14 14 14 14 14 14 14 14 14 14
 14 14 14 14 14 14 14 14 14 17
 14 14 14 14 14 14 14 14 17 25
 14 14 14 14 14 14 14 17 25 25
 14 14 14 14 14 14 17 25 25 25
 14 14 14 14 14 17 25 25 25 25
 14 14 14 14 17 25 25 25 25 25
 14 14 14 17 25 25 25 25 25 25
 14 14 14 19 17 17 14 19 17 25
 14 14 14 19 14 19 17 25 25 17
 19 17 25 17 17 25 17 14 19 17
 19 17 25 17 17 25 17 17 25 17
 19 17 25 17 17 25 17 17 25 25
 19 17 25 17 17 25 17 17 17 17
 19 17 25 17 17 25 17 19 14 17
 19 17 25 17 17 25 17 19 17 25
 19 17 25 17 17 25 17 25 25 25
 19 17 25 17 17 25 17 25 25 17
 19 17 25 17 17 25 17 25 17 17
 19 17 25 17 17 25 17 25 17 19
 19 17 25 17 17 25 17 25 17 14
 19 17 25 17 17 25 25 17 14 19
 19 17 25 17 17 25 25 17 17 25
 19 17 25 17 17 25 25 17 17 17
 19 17 25 17 17 25 25 17 19 14
 19 17 25 17 17 25 25 25 17 17
 19 17 25 17 17 25 25 25 17 14
 19 17 25 17 17 25 25 25 25 17
 19 17 25 17 17 17 17 25 17 25
 19 17 25 17 17 17 17 25 17 17
 19 17 25 17 17 17 17 25 17 14
 19 17 25 17 17 17 17 25 25 25
 19 17 25 17 17 17 17 17 17 25
 19 17 25 17 17 17 17 17 25 17
 19 17 25 17 17 17 14 19 17 17
 19 17 25 17 17 17 14 19 17 25
 19 17 25 17 17 17 25 17 17 25
 19 17 25 17 17 17 25 17 25 17
 19 17 25 17 17 6 25 25 25 25
 19 17 25 17 17 14 19 17 25 17
 19 17 25 17 14 19 6 14 19 17
 19 17 25 17 14 19 17 17 25 17
 19 17 25 17 14 19 17 17 14 19
 19 17 25 17 14 19 17 17 17 17
 19 17 25 17 14 19 17 17 17 25
 19 17 25 17 14 19 17 17 17 14
 19 17 25 17 14 19 17 17 17 19
 19 17 25 17 14 19 17 17 19 14
 19 17 25 17 14 19 17 25 17 14
 19 17 25 17 14 19 17 25 17 17
 19 17 25 17 14 19 17 25 17 19
 19 17 25 17 14 19 17 25 17 25
 19 17 25 17 14 19 17 25 25 17
 19 17 25 17 14 19 17 25 25 25
 19 17 25 17 14 19 19 14 17 25
 19 17 25 17 14 19 19 14 17 17
 19 17 25 17 14 19 14 19 17 25
 19 17 25 17 14 19 14 19 17 17
 19 17 25 17 14 19 14 17 25 17
 19 17 25 17 14 19 14 17 25 25
 19 17 25 17 14 17 25 25 25 17
 19 17 25 17 14 14 19 17 25 17
 19 17 25 17 14 14 19 17 25 25
 19 17 25 17 14 14 19 17 17 14
 19 17 25 17 14 14 17 17 17 17
 19 17 25 17 25 25 17 25 17 14
 19 17 25 17 25 25 17 25 25 17
 19 17 25 17 25 25 17 14 19 17
 19 17 25 17 25 25 17 14 14 19
 19 17 25 17 25 25 17 19 14 17
 19 17 25 17 25 25 17 17 25 17
 19 17 25 17 25 25 25 17 14 19
 19 17 25 17 25 25 25 17 14 14
 19 17 25 17 25 17 25 17 14 19
 19 17 25 17 25 17 25 17 19 14
 19 17 25 17 25 17 14 19 17 25
 19 17 25 17 25 17 14 19 17 17
 19 17 25 17 25 17 14 19 17 6
 19 17 25 17 25 17 14 14 19 17
 19 17 25 17 25 17 17 25 17 14
 19 17 25 17 25 17 17 25 17 19
 19 17 25 17 25 17 17 25 17 17
 19 17 25 17 25 17 17 25 17 25
 19 17 25 17 25 17 17 25 25 17
 19 17 25 17 25 17 17 25 25 25
 19 17 25 17 25 17 19 14 17 25
 19 17 25 17 25 17 19 14 17 17
 19 17 25 17 19 14 17 25 17 19
 19 17 25 17 19 14 17 25 17 14
 19 17 25 17 19 14 17 25 17 17
 19 17 25 17 19 14 17 25 17 25
 19 17 25 17 19 14 17 25 25 17
 19 17 25 17 19 14 17 25 25 25
 19 17 25 17 19 14 17 17 14 19
 19 17 25 17 19 14 17 17 17 17
 19 17 25 17 19 14 17 17 17 25
 19 17 25 17 19 14 17 17 19 14
 19 17 25 17 19 14 17 17 25 25
 19 17 25 17 19 14 14 17 25 17
 19 17 25 17 19 14 14 17 25 25
 19 17 25 17 19 14 14 19 14 19
 19 17 25 17 19 14 19 14 17 25
 19 17 25 17 19 17 25 17 14 14
 19 17 25 17 19 17 25 17 14 19
 19 17 25 17 19 17 25 17 19 14
 19 17 25 17 19 17 17 14 17 17
 19 17 25 25 17 14 19 17 17 14
 19 17 25 25 17 14 19 17 17 19
 19 17 25 25 17 14 19 17 25 25
 19 17 25 25 17 14 19 17 25 17
 19 17 25 25 17 14 19 19 14 17
 19 17 25 25 17 14 19 14 17 17
 19 17 25 25 17 14 14 19 17 25
 19 17 25 25 17 14 17 25 17 14
 19 17 25 25 17 25 17 14 19 17
 19 17 25 25 17 25 17 14 19 14
 19 17 25 25 17 25 17 19 14 17
 19 17 25 25 17 25 17 19 17 25
 19 17 25 25 17 25 17 17 25 17
 19 17 25 25 17 17 25 17 14 19
 19 17 25 25 17 17 25 17 19 14
 19 17 25 25 17 17 25 17 19 17
 19 17 25 25 17 17 25 17 17 25
 19 17 25 25 17 17 17 17 17 17
 19 17 25 25 17 17 17 14 19 17
 19 17 25 25 17 19 14 17 25 17
 19 17 25 25 17 19 14 17 17 19
 19 17 25 25 17 19 17 25 25 25
 19 17 25 25 17 19 17 25 17 14
 19 17 25 25 25 17 14 19 17 25
 19 17 25 25 25 17 14 19 17 17
 19 17 25 25 25 17 14 19 14 19
 19 17 25 25 25 17 14 19 19 19
 19 17 25 25 25 17 14 14 19 17
 19 17 25 25 25 17 19 17 25 25
 19 17 25 25 25 17 25 17 14 19
 19 17 25 25 25 17 17 25 17 19
 19 17 25 25 25 25 17 14 14 14
 19 17 25 25 25 25 25 17 14 19
 19 17 17 25 17 14 19 17 17 14
 19 17 17 25 17 14 19 17 17 17
 19 17 17 25 17 17 25 17 17 25
 19 17 17 25 17 17 25 17 17 17
 19 17 17 25 17 17 17 25 17 17
 19 17 17 14 19 17 17 14 19 17
 19 17 17 14 19 17 17 14 19 19
 19 17 17 14 19 17 17 14 19 14
 19 17 17 14 19 17 17 14 14 19
 19 17 17 14 19 17 17 14 17 17
 19 17 17 14 19 17 17 17 14 19
 19 17 17 14 19 17 17 17 17 19
 19 17 17 14 19 17 17 17 17 14
 19 17 17 14 19 17 17 17 17 17
 19 17 17 14 19 17 17 17 25 17
 19 17 17 14 19 17 17 17 25 25
 19 17 17 14 19 17 17 17 19 14
 19 17 17 14 19 17 17 19 14 17
 19 17 17 14 19 17 17 19 14 14
 19 17 17 14 19 17 17 19 17 17
 19 17 17 14 19 17 17 19 19 17
 19 17 17 14 19 17 17 19 19 14
 19 17 17 14 19 17 25 17 25 25
 19 17 17 14 19 17 25 17 25 17
 19 17 17 14 19 17 25 17 14 19
 19 17 17 14 19 17 25 17 17 25
 19 17 17 14 19 17 25 17 17 17
 19 17 17 14 19 17 25 17 19 14
 19 17 17 14 19 17 25 17 19 17
 19 17 17 14 19 17 25 25 25 17
 19 17 17 14 19 17 25 25 17 25
 19 17 17 14 19 17 25 25 17 14
 19 17 17 14 19 19 14 17 17 14
 19 17 17 14 19 19 14 17 17 17
 19 17 17 14 19 19 14 17 17 19
 19 17 17 14 19 19 14 17 25 17
 19 17 17 14 19 19 14 17 25 25
 19 17 17 14 19 19 14 14 19 17
 19 17 17 14 19 19 19 19 19 19
 19 17 17 14 19 19 19 14 14 17
 19 17 17 14 19 19 17 25 17 25
 19 17 17 14 19 19 17 25 17 17
 19 17 17 14 19 19 17 25 25 25
 19 17 17 14 19 14 19 17 17 17
 19 17 17 14 19 14 19 17 17 14
 19 17 17 14 19 14 19 17 25 17
 19 17 17 14 19 14 19 17 25 25
 19 17 17 14 19 14 19 14 19 14
 19 17 17 14 19 14 17 17 14 19
 19 17 17 14 19 14 17 17 19 14
 19 17 17 14 19 14 17 17 19 17
 19 17 17 14 17 17 14 19 17 17
 19 17 17 14 17 17 17 17 19 14
 19 17 17 14 17 17 19 17 17 14
 19 17 17 14 17 25 25 17 14 19
 19 17 17 14 14 19 17 17 19 17
 19 17 17 14 14 19 17 17 14 19
 19 17 17 19 14 17 17 14 19 17
 19 17 17 19 14 17 17 14 19 14
 19 17 17 19 14 17 17 19 14 17
 19 17 17 19 14 17 17 19 14 14
 19 17 17 19 14 17 17 19 14 19
 19 17 17 19 14 17 17 19 19 17
 19 17 17 19 14 17 17 19 17 17
 19 17 17 19 14 17 17 17 19 14
 19 17 17 19 14 17 17 17 17 19
 19 17 17 19 14 17 17 17 17 14
 19 17 17 19 14 17 17 17 17 17
 19 17 17 19 14 17 17 17 25 17
 19 17 17 19 14 17 25 17 19 14
 19 17 17 19 14 17 25 17 14 19
 19 17 17 19 14 14 19 17 25 17
 19 17 17 19 14 14 19 17 17 17
 19 17 17 19 14 14 17 17 19 14
 19 17 17 19 14 14 17 17 14 19
 19 17 17 19 14 19 14 17 25 17
 19 17 17 19 19 14 14 17 17 19
 19 17 17 19 19 14 14 17 17 14
 19 17 17 19 19 14 14 17 17 17
 19 17 17 19 19 14 14 17 25 17
 19 17 17 19 19 17 25 17 14 14
 19 17 17 19 19 17 25 17 25 25
 19 17 17 19 17 17 19 14 14 17
 19 17 17 19 17 17 14 19 14 17
 19 17 17 19 17 17 14 19 17 17
 19 17 17 19 17 17 14 19 19 17
 19 17 17 17 17 14 19 14 19 17
 19 17 17 17 17 14 19 17 25 25
 19 17 17 17 17 14 19 17 25 17
 19 17 17 17 17 14 19 17 17 14
 19 17 17 17 17 14 19 17 17 17
 19 17 17 17 17 14 19 17 17 19
 19 17 17 17 17 14 19 17 17 25
 19 17 17 17 17 14 19 19 14 17
 19 17 17 17 17 17 25 17 17 17
 19 17 17 17 17 17 25 17 17 25
 19 17 17 17 17 17 25 17 14 19
 19 17 17 17 17 17 25 25 17 17
 19 17 17 17 17 17 25 25 17 14
 19 17 17 17 17 17 14 19 17 25
 19 17 17 17 17 17 14 19 17 17
 19 17 17 17 17 17 17 14 19 17
 19 17 17 17 17 17 17 17 17 17
 19 17 17 17 17 17 17 17 17 14
 19 17 17 17 17 17 17 17 25 17
 19 17 17 17 17 17 17 17 19 14
 19 17 17 17 17 17 17 19 14 17
 19 17 17 17 17 17 19 14 17 17
 19 17 17 17 17 17 19 17 17 17
 19 17 17 17 17 19 14 17 17 14
 19 17 17 17 17 19 14 17 17 17
 19 17 17 17 17 19 14 17 17 19
 19 17 17 17 17 19 14 17 17 27
 19 17 17 17 17 19 17 17 14 17
 19 17 17 17 17 25 25 17 14 19
 19 17 17 17 17 25 25 25 17 14
 19 17 17 17 14 19 17 17 14 19
 19 17 17 17 14 19 17 17 14 17
 19 17 17 17 14 19 17 17 17 14
 19 17 17 17 14 19 17 17 17 17
 19 17 17 17 14 19 17 25 17 14
 19 17 17 17 14 19 17 25 17 17
 19 17 17 17 14 19 17 25 25 17
 19 17 17 17 14 19 14 19 17 17
 19 17 17 17 14 19 19 14 17 17
 19 17 17 17 25 17 14 19 17 17
 19 17 17 17 25 17 14 19 17 25
 19 17 17 17 25 17 17 25 17 17
 19 17 17 17 25 17 19 14 17 17
 19 17 17 17 25 25 17 14 19 17
 19 17 17 17 19 14 17 17 17 17
 19 17 17 17 19 14 17 17 17 19
 19 17 17 17 19 14 17 17 14 19
 19 17 17 17 19 14 17 17 19 19
 19 17 17 17 19 14 17 17 19 14
 19 17 17 17 19 14 14 17 17 14
 19 17 6 25 25 25 25 27 27 27
 19 6 14 19 17 25 17 14 19 17
 19 19 14 17 17 14 19 19 14 17
 19 19 14 17 17 14 19 14 19 17
 19 19 14 17 17 14 19 17 17 14
 19 19 14 17 17 14 19 17 17 19
 19 19 14 17 17 14 19 17 17 17
 19 19 14 17 17 14 19 17 25 17
 19 19 14 17 17 17 17 19 14 17
 19 19 14 17 17 17 17 14 19 17
 19 19 14 17 17 17 17 17 19 14
 19 19 14 17 17 17 14 19 17 17
 19 19 14 17 17 17 19 14 17 17
 19 19 14 17 17 19 14 17 17 19
 19 19 14 17 17 19 14 17 17 17
 19 19 14 17 17 19 14 17 25 17
 19 19 14 17 17 19 17 17 14 19
 19 19 14 17 25 17 17 25 17 14
 19 19 14 17 25 17 17 25 17 17
 19 19 14 17 25 17 17 25 17 25
 19 19 14 17 25 17 17 25 17 19
 19 19 14 17 25 17 17 25 25 25
 19 19 14 17 25 17 17 25 25 17
 19 19 14 17 25 17 17 17 17 17
 19 19 14 17 25 17 17 17 17 25
 19 19 14 17 25 17 17 17 25 17
 19 19 14 17 25 17 17 14 19 17
 19 19 14 17 25 17 14 19 17 25
 19 19 14 17 25 17 14 19 17 17
 19 19 14 17 25 17 25 17 14 19
 19 19 14 17 25 17 25 25 25 17
 19 19 14 17 25 25 17 14 19 17
 19 19 14 17 25 25 17 14 19 14
 19 19 14 17 25 25 17 17 25 17
 19 19 14 17 25 25 17 17 25 25
 19 19 14 17 25 25 17 25 17 17
 19 19 14 17 25 25 17 25 25 17
 19 19 14 17 25 25 25 17 14 19
 19 19 14 17 25 25 25 17 25 17
 19 19 14 17 25 25 25 25 25 17
 19 19 14 17 25 25 25 25 17 17
 19 19 14 17 25 25 25 25 17 14
 19 19 14 14 17 17 19 19 14 14
 19 19 14 14 17 17 19 14 17 25
 19 19 14 14 17 17 14 19 17 17
 19 19 14 14 17 17 17 17 14 19
 19 19 14 14 17 17 17 17 17 17
 19 19 14 14 17 17 17 17 17 14
 19 19 14 14 17 25 17 17 25 17
 19 19 14 14 17 25 17 17 25 25
 19 19 14 14 17 25 17 17 17 17
 19 19 14 14 17 25 17 14 19 17
 19 19 14 14 17 25 25 17 14 19
 19 19 14 14 17 25 25 25 25 17
 19 19 14 14 14 14 14 14 14 14
 19 19 14 14 19 17 17 14 19 17
 19 19 14 14 19 17 25 17 25 25
 19 19 14 14 19 17 25 17 17 17
 19 19 19 19 19 19 19 19 19 19
 19 19 19 19 19 19 19 19 19 14
 19 19 19 19 19 19 19 19 14 14
 19 19 19 19 19 19 19 14 14 14
 19 19 19 19 19 19 14 14 14 14
 19 19 19 19 19 14 14 14 14 14
 19 19 19 19 14 14 14 14 14 14
 19 19 19 14 14 14 14 14 14 14
 19 19 19 14 14 17 25 17 17 25
 19 19 19 14 14 17 25 17 14 19
 19 19 19 14 14 17 25 25 25 25
 19 19 19 14 14 17 17 17 17 14
 19 19 19 14 14 17 17 17 17 17
 19 19 17 25 17 14 17 25 25 25
 19 19 17 25 17 14 14 17 17 17
 19 19 17 25 17 25 25 17 14 14
 19 19 17 25 17 25 25 25 17 14
 19 19 17 25 17 17 25 25 25 17
 19 19 17 25 25 25 25 17 14 14
 19 14 17 17 14 19 19 14 17 17
 19 14 17 17 14 19 19 14 17 25
 19 14 17 17 14 19 19 14 14 19
 19 14 17 17 14 19 14 19 17 17
 19 14 17 17 14 19 14 19 17 25
 19 14 17 17 14 19 14 19 14 19
 19 14 17 17 14 19 14 19 19 14
 19 14 17 17 14 19 17 17 14 19
 19 14 17 17 14 19 17 17 19 19
 19 14 17 17 14 19 17 17 19 14
 19 14 17 17 14 19 17 17 19 17
 19 14 17 17 14 19 17 17 17 17
 19 14 17 17 14 19 17 17 17 14
 19 14 17 17 14 19 17 17 17 25
 19 14 17 17 14 19 17 17 17 19
 19 14 17 17 14 19 17 25 17 17
 19 14 17 17 14 19 17 25 17 14
 19 14 17 17 14 19 17 25 17 19
 19 14 17 17 19 14 17 17 14 19
 19 14 17 17 19 14 17 17 19 14
 19 14 17 17 19 14 17 17 19 19
 19 14 17 17 19 14 17 17 19 17
 19 14 17 17 19 14 17 17 17 17
 19 14 17 17 19 14 17 17 17 19
 19 14 17 17 19 14 17 25 17 17
 19 14 17 17 19 14 17 25 17 19
 19 14 17 17 19 14 17 25 17 14
 19 14 17 17 19 14 19 14 17 17
 19 14 17 17 19 14 19 14 17 25
 19 14 17 17 19 14 19 14 14 19
 19 14 17 17 19 14 19 14 19 14
 19 14 17 17 19 14 14 19 17 25
 19 14 17 17 19 14 14 19 14 19
 19 14 17 17 19 19 14 14 17 25
 19 14 17 17 19 19 17 25 17 14
 19 14 17 17 19 17 17 14 19 17
 19 14 17 17 19 17 17 14 19 14
 19 14 17 17 19 17 17 19 14 14
 19 14 17 17 17 17 19 14 17 17
 19 14 17 17 17 17 19 17 17 14
 19 14 17 17 17 17 19 19 14 14
 19 14 17 17 17 17 14 19 17 25
 19 14 17 17 17 17 14 19 17 17
 19 14 17 17 17 17 17 17 14 19
 19 14 17 17 17 17 17 17 19 14
 19 14 17 17 17 17 17 17 17 25
 19 14 17 17 17 17 17 17 17 14
 19 14 17 17 17 17 17 25 17 17
 19 14 17 17 17 17 17 25 17 25
 19 14 17 17 17 17 17 19 14 17
 19 14 17 17 17 17 17 14 19 17
 19 14 17 17 17 14 19 17 17 17
 19 14 17 17 17 14 19 17 17 19
 19 14 17 17 17 14 19 17 17 14
 19 14 17 17 17 19 14 17 17 19
 19 14 17 17 17 19 14 17 17 14
 19 14 17 17 17 19 14 17 17 17
 19 14 17 17 17 25 17 14 19 17
 19 14 17 17 17 25 17 25 25 17
 19 14 17 17 17 25 17 17 25 17
 19 14 17 17 25 17 25 17 17 25
 19 14 17 17 25 17 17 25 17 25
 19 14 17 17 25 25 25 17 17 25
 19 14 17 17 27 27 27 27 27 27
 19 14 17 25 17 17 25 17 17 25
 19 14 17 25 17 17 25 17 17 17
 19 14 17 25 17 17 25 17 14 19
 19 14 17 25 17 17 25 17 25 17
 19 14 17 25 17 17 25 17 25 25
 19 14 17 25 17 17 25 17 19 14
 19 14 17 25 17 17 25 17 19 17
 19 14 17 25 17 17 25 25 25 25
 19 14 17 25 17 17 25 25 25 17
 19 14 17 25 17 17 25 25 17 17
 19 14 17 25 17 17 25 25 17 14
 19 14 17 25 17 17 25 25 17 25
 19 14 17 25 17 17 17 17 17 17
 19 14 17 25 17 17 17 17 17 25
 19 14 17 25 17 17 17 17 25 17
 19 14 17 25 17 17 17 25 17 17
 19 14 17 25 17 17 14 19 17 25
 19 14 17 25 17 19 14 17 25 17
 19 14 17 25 17 19 14 17 25 25
 19 14 17 25 17 19 14 17 17 19
 19 14 17 25 17 19 14 17 17 14
 19 14 17 25 17 19 14 17 17 25
 19 14 17 25 17 19 14 14 19 17
 19 14 17 25 17 19 17 25 17 14
 19 14 17 25 17 19 17 25 17 19
 19 14 17 25 17 19 17 25 25 17
 19 14 17 25 17 14 19 17 25 17
 19 14 17 25 17 14 19 17 25 25
 19 14 17 25 17 14 19 17 17 14
 19 14 17 25 17 14 19 17 17 17
 19 14 17 25 17 14 19 17 17 19
 19 14 17 25 17 14 19 14 19 17
 19 14 17 25 17 14 14 19 17 25
 19 14 17 25 17 25 25 17 14 19
 19 14 17 25 17 25 25 17 19 14
 19 14 17 25 17 25 25 25 17 17
 19 14 17 25 17 25 17 17 25 17
 19 14 17 25 17 25 17 17 25 25
 19 14 17 25 17 25 17 25 17 14
 19 14 17 25 17 25 17 14 19 17
 19 14 17 25 17 25 17 19 14 17
 19 14 17 25 17 25 17 19 17 25
 19 14 17 25 25 25 17 14 19 17
 19 14 17 25 25 25 17 17 25 17
 19 14 17 25 25 25 17 25 17 14
 19 14 17 25 25 25 25 25 17 14
 19 14 17 25 25 25 25 17 17 25
 19 14 17 25 25 25 25 17 14 19
 19 14 17 25 25 17 25 17 14 19
 19 14 17 25 25 17 25 17 17 17
 19 14 17 25 25 17 25 25 17 14
 19 14 17 25 25 17 14 19 17 25
 19 14 17 25 25 17 14 19 17 17
 19 14 17 25 25 17 14 19 14 19
 19 14 17 25 25 17 17 25 17 19
 19 14 17 25 25 17 17 25 17 14
 19 14 17 25 25 17 17 25 25 17
 19 14 17 25 25 17 19 14 17 25
 19 14 19 17 17 19 14 17 17 14
 19 14 19 17 17 19 14 17 17 17
 19 14 19 17 17 19 14 17 17 19
 19 14 19 17 17 17 17 14 19 14
 19 14 19 17 17 17 17 14 19 17
 19 14 19 17 17 17 17 17 25 17
 19 14 19 17 17 17 17 17 25 25
 19 14 19 17 17 17 17 17 17 14
 19 14 19 17 17 17 17 17 17 17
 19 14 19 17 17 17 17 17 14 19
 19 14 19 17 17 17 17 19 14 17
 19 14 19 17 17 17 14 19 14 19
 19 14 19 17 17 17 14 19 17 25
 19 14 19 17 17 17 14 19 17 17
 19 14 19 17 17 17 25 17 14 19
 19 14 19 17 17 17 19 14 17 17
 19 14 19 17 17 14 19 17 17 14
 19 14 19 17 17 14 19 17 17 17
 19 14 19 17 17 14 19 17 25 17
 19 14 19 17 17 14 19 14 19 17
 19 14 19 17 25 17 17 17 17 25
 19 14 19 17 25 17 17 17 17 17
 19 14 19 17 25 17 17 17 14 19
 19 14 19 17 25 17 17 17 25 17
 19 14 19 17 25 17 17 25 17 17
 19 14 19 17 25 17 17 25 17 14
 19 14 19 17 25 17 17 25 17 25
 19 14 19 17 25 17 17 25 17 19
 19 14 19 17 25 17 17 25 25 25
 19 14 19 17 25 17 17 25 25 17
 19 14 19 17 25 17 17 14 19 17
 19 14 19 17 25 17 25 17 14 19
 19 14 19 17 25 17 25 17 17 25
 19 14 19 17 25 17 14 19 17 25
 19 14 19 17 25 17 14 19 17 17
 19 14 19 17 25 17 14 19 14 19
 19 14 19 17 25 17 19 14 17 25
 19 14 19 17 25 17 19 14 14 19
 19 14 19 17 25 25 17 14 19 17
 19 14 19 17 25 25 17 17 25 17
 19 14 19 17 25 25 17 17 17 14
 19 14 19 17 25 25 25 25 25 17
 19 14 19 14 19 17 17 17 17 14
 19 14 19 14 19 17 17 17 17 17
 19 14 19 14 19 17 17 14 19 17
 19 14 19 14 19 17 25 17 17 25
 19 14 19 14 19 17 25 17 19 14
 19 14 19 14 19 17 25 17 14 19
 19 14 19 14 19 14 19 14 19 17
 19 14 19 14 19 14 19 17 25 17
 19 14 19 14 19 14 17 17 17 17
 19 14 19 14 17 17 17 17 14 19
 19 14 19 14 17 17 17 17 17 17
 19 14 19 14 17 25 17 17 25 17
 19 14 19 14 17 25 17 17 25 25
 19 14 19 14 17 25 17 17 17 17
 19 14 19 14 17 25 17 17 17 25
 19 14 19 14 17 25 25 25 17 17
 19 14 19 14 17 25 25 25 25 25
 19 14 19 14 14 19 17 25 17 25
 19 14 19 14 14 19 17 17 17 17
 19 14 19 19 14 17 25 17 17 25
 19 14 14 17 17 19 19 14 14 17
 19 14 14 17 17 19 14 17 25 17
 19 14 14 17 17 19 14 17 17 19
 19 14 14 17 17 14 19 17 17 14
 19 14 14 17 17 14 19 17 17 17
 19 14 14 17 17 14 19 17 17 19
 19 14 14 17 17 17 17 14 19 17
 19 14 14 17 17 17 17 14 19 19
 19 14 14 17 17 17 17 17 17 17
 19 14 14 17 17 17 17 17 14 19
 19 14 14 17 25 17 17 25 17 17
 19 14 14 17 25 17 17 25 25 25
 19 14 14 17 25 17 17 17 17 25
 19 14 14 17 25 17 17 17 17 17
 19 14 14 17 25 17 14 19 17 25
 19 14 14 17 25 17 14 19 17 17
 19 14 14 17 25 17 19 17 25 17
 19 14 14 17 25 17 19 14 17 25
 19 14 14 17 25 17 25 17 19 14
 19 14 14 17 25 25 17 14 19 17
 19 14 14 17 25 25 25 25 17 14
 19 14 14 19 17 25 17 17 25 17
 19 14 14 19 17 25 17 17 25 25
 19 14 14 19 17 25 17 17 17 25
 19 14 14 19 17 25 17 17 17 17
 19 14 14 19 17 25 17 25 17 17
 19 14 14 19 17 25 17 25 25 17
 19 14 14 19 17 17 17 17 19 14
 19 14 14 19 17 17 17 17 17 17
 19 14 14 19 17 17 17 17 17 14
 19 14 14 19 17 17 17 17 14 19
 19 14 14 19 17 17 14 19 17 17
 19 14 14 19 14 19 17 25 17 17
 19 14 14 19 14 19 14 19 17 25
 19 14 14 14 14 14 14 14 14 14
 17 25 17 17 25 17 14 19 17 25
 17 25 17 17 25 17 14 19 17 17
 17 25 17 17 25 17 14 19 14 19
 17 25 17 17 25 17 14 19 19 14
 17 25 17 17 25 17 17 25 17 17
 17 25 17 17 25 17 17 25 17 14
 17 25 17 17 25 17 17 25 17 19
 17 25 17 17 25 17 17 25 17 25
 17 25 17 17 25 17 17 25 25 17
 17 25 17 17 25 17 17 25 25 25
 17 25 17 17 25 17 17 17 17 25
 17 25 17 17 25 17 17 17 17 17
 17 25 17 17 25 17 17 17 25 17
 17 25 17 17 25 17 17 17 25 25
 17 25 17 17 25 17 17 17 14 19
 17 25 17 17 25 17 17 19 14 17
 17 25 17 17 25 17 19 14 17 25
 17 25 17 17 25 17 19 17 25 25
 17 25 17 17 25 17 19 17 25 17
 17 25 17 17 25 17 25 17 14 19
 17 25 17 17 25 17 25 17 17 25
 17 25 17 17 25 17 25 17 17 17
 17 25 17 17 25 17 25 17 25 17
 17 25 17 17 25 17 25 17 25 25
 17 25 17 17 25 17 25 17 19 14
 17 25 17 17 25 17 25 25 25 17
 17 25 17 17 25 17 25 25 17 14
 17 25 17 17 25 17 25 25 17 25
 17 25 17 17 25 17 25 25 17 17
 17 25 17 17 25 25 17 14 19 17
 17 25 17 17 25 25 17 14 19 14
 17 25 17 17 25 25 17 25 17 14
 17 25 17 17 25 25 17 25 17 17
 17 25 17 17 25 25 17 25 25 17
 17 25 17 17 25 25 17 17 17 17
 17 25 17 17 25 25 17 17 17 25
 17 25 17 17 25 25 17 17 25 17
 17 25 17 17 25 25 17 17 25 25
 17 25 17 17 25 25 17 19 14 17
 17 25 17 17 25 25 25 17 14 19
 17 25 17 17 25 25 25 17 14 14
 17 25 17 17 25 25 25 17 17 25
 17 25 17 17 25 25 25 17 25 25
 17 25 17 17 25 25 25 25 17 14
 17 25 17 17 25 25 25 25 17 25
 17 25 17 17 25 25 25 25 25 17
 17 25 17 17 17 17 17 17 25 17
 17 25 17 17 17 17 17 17 25 25
 17 25 17 17 17 17 17 17 12 12
 17 25 17 17 17 17 17 17 17 19
 17 25 17 17 17 17 17 17 17 25
 17 25 17 17 17 17 17 17 17 17
 17 25 17 17 17 17 17 25 17 17
 17 25 17 17 17 17 17 25 17 25
 17 25 17 17 17 17 17 25 25 17
 17 25 17 17 17 17 25 17 25 17
 17 25 17 17 17 17 25 17 25 25
 17 25 17 17 17 17 25 17 17 17
 17 25 17 17 17 17 25 17 17 25
 17 25 17 17 17 17 25 17 14 19
 17 25 17 17 17 17 25 25 25 17
 17 25 17 17 17 17 25 25 25 25
 17 25 17 17 17 17 25 25 17 17
 17 25 17 17 17 17 25 25 17 14
 17 25 17 17 17 17 25 25 17 25
 17 25 17 17 17 17 12 12 25 17
 17 25 17 17 17 14 19 17 17 14
 17 25 17 17 17 14 19 17 25 17
 17 25 17 17 17 25 17 17 25 17
 17 25 17 17 17 25 17 17 25 25
 17 25 17 17 17 25 17 17 17 17
 17 25 17 17 17 25 17 17 17 25
 17 25 17 17 17 25 17 25 17 17
 17 25 17 17 17 25 17 19 14 17
 17 25 17 17 17 25 25 17 17 25
 17 25 17 17 17 25 25 17 17 17
 17 25 17 17 17 25 25 17 25 25
 17 25 17 17 17 25 25 17 14 19
 17 25 17 17 17 25 25 25 17 14
 17 25 17 17 17 19 14 17 17 14
 17 25 17 17 6 25 25 25 25 27
 17 25 17 17 19 14 17 17 14 19
 17 25 17 17 14 19 17 25 17 14
 17 25 17 14 19 17 25 17 14 19
 17 25 17 14 19 17 25 17 14 14
 17 25 17 14 19 17 25 17 17 25
 17 25 17 14 19 17 25 17 17 17
 17 25 17 14 19 17 25 17 17 6
 17 25 17 14 19 17 25 17 19 14
 17 25 17 14 19 17 25 17 19 17
 17 25 17 14 19 17 25 17 25 17
 17 25 17 14 19 17 25 17 25 25
 17 25 17 14 19 17 25 25 25 17
 17 25 17 14 19 17 25 25 17 17
 17 25 17 14 19 17 25 25 17 14
 17 25 17 14 19 17 25 25 17 25
 17 25 17 14 19 17 25 25 17 19
 17 25 17 14 19 17 17 25 17 14
 17 25 17 14 19 17 17 25 17 17
 17 25 17 14 19 17 17 14 19 17
 17 25 17 14 19 17 17 14 19 19
 17 25 17 14 19 17 17 14 19 14
 17 25 17 14 19 17 17 17 17 17
 17 25 17 14 19 17 17 17 17 14
 17 25 17 14 19 17 17 17 17 25
 17 25 17 14 19 17 17 17 17 19
 17 25 17 14 19 17 17 17 25 17
 17 25 17 14 19 17 17 17 14 19
 17 25 17 14 19 17 17 17 19 14
 17 25 17 14 19 17 17 19 14 17
 17 25 17 14 19 17 6 25 25 25
 17 25 17 14 19 6 14 19 17 25
 17 25 17 14 19 14 19 14 19 17
 17 25 17 14 19 14 19 17 17 17
 17 25 17 14 19 14 19 17 17 14
 17 25 17 14 19 14 19 17 17 19
 17 25 17 14 19 14 19 17 25 17
 17 25 17 14 19 14 19 17 25 25
 17 25 17 14 19 14 17 25 25 17
 17 25 17 14 19 14 17 25 17 14
 17 25 17 14 19 14 17 25 17 19
 17 25 17 14 19 19 14 17 25 25
 17 25 17 14 19 19 14 17 25 17
 17 25 17 14 19 19 14 17 17 19
 17 25 17 14 19 19 14 17 17 17
 17 25 17 14 17 25 25 25 17 14
 17 25 17 14 14 19 17 25 17 14
 17 25 17 14 14 19 17 25 17 25
 17 25 17 14 14 19 17 25 17 19
 17 25 17 14 14 19 17 25 17 17
 17 25 17 14 14 19 17 25 25 17
 17 25 17 14 14 19 17 17 14 19
 17 25 17 14 14 17 17 17 17 17
 17 25 17 25 25 17 25 17 14 19
 17 25 17 25 25 17 25 17 17 25
 17 25 17 25 25 17 25 25 17 25
 17 25 17 25 25 17 25 25 17 17
 17 25 17 25 25 17 25 25 25 17
 17 25 17 25 25 17 14 19 17 25
 17 25 17 25 25 17 14 19 17 17
 17 25 17 25 25 17 14 19 14 19
 17 25 17 25 25 17 14 14 19 17
 17 25 17 25 25 17 19 14 17 25
 17 25 17 25 25 17 17 25 17 17
 17 25 17 25 25 17 17 25 17 14
 17 25 17 25 25 17 17 17 25 17
 17 25 17 25 25 25 17 25 17 14
 17 25 17 25 25 25 17 14 19 19
 17 25 17 25 25 25 17 14 19 14
 17 25 17 25 25 25 17 14 19 17
 17 25 17 25 25 25 17 14 14 14
 17 25 17 25 25 25 17 17 25 17
 17 25 17 25 17 25 17 14 19 17
 17 25 17 25 17 25 17 19 14 17
 17 25 17 25 17 25 17 17 25 17
 17 25 17 25 17 25 17 25 17 14
 17 25 17 25 17 25 25 17 17 17
 17 25 17 25 17 25 25 17 17 25
 17 25 17 25 17 25 25 17 14 19
 17 25 17 25 17 14 19 17 25 17
 17 25 17 25 17 14 19 17 25 25
 17 25 17 25 17 14 19 17 17 17
 17 25 17 25 17 14 19 17 17 14
 17 25 17 25 17 14 19 17 6 25
 17 25 17 25 17 14 14 19 17 25
 17 25 17 25 17 19 14 17 25 25
 17 25 17 25 17 19 14 17 25 17
 17 25 17 25 17 19 14 17 17 14
 17 25 17 25 17 19 17 25 17 14
 17 25 17 25 17 17 25 17 14 19
 17 25 17 25 17 17 25 17 19 14
 17 25 17 25 17 17 25 17 17 25
 17 25 17 25 17 17 25 17 17 17
 17 25 17 25 17 17 25 17 25 17
 17 25 17 25 17 17 25 17 25 25
 17 25 17 25 17 17 25 25 17 25
 17 25 17 25 17 17 25 25 17 17
 17 25 17 25 17 17 25 25 17 14
 17 25 17 25 17 17 25 25 25 25
 17 25 17 25 17 17 17 17 17 25
 17 25 17 25 17 17 17 17 17 17
 17 25 17 25 17 17 17 17 25 17
 17 25 17 25 17 17 17 25 17 17
 17 25 17 25 17 17 17 19 14 17
 17 25 17 19 14 17 25 17 17 25
 17 25 17 19 14 17 25 17 17 17
 17 25 17 19 14 17 25 17 19 14
 17 25 17 19 14 17 25 17 19 17
 17 25 17 19 14 17 25 17 14 19
 17 25 17 19 14 17 25 17 14 14
 17 25 17 19 14 17 25 17 25 25
 17 25 17 19 14 17 25 17 25 17
 17 25 17 19 14 17 25 25 25 17
 17 25 17 19 14 17 25 25 17 25
 17 25 17 19 14 17 25 25 17 14
 17 25 17 19 14 17 25 25 17 17
 17 25 17 19 14 17 25 25 17 19
 17 25 17 19 14 17 17 19 14 17
 17 25 17 19 14 17 17 14 19 17
 17 25 17 19 14 17 17 17 17 17
 17 25 17 19 14 17 17 17 25 17
 17 25 17 19 14 17 17 25 25 25
 17 25 17 19 14 17 17 25 17 17
 17 25 17 19 14 14 17 25 17 14
 17 25 17 19 14 14 17 25 17 19
 17 25 17 19 14 14 17 25 17 25
 17 25 17 19 14 14 17 25 25 17
 17 25 17 19 14 14 19 17 17 17
 17 25 17 19 14 14 19 14 19 14
 17 25 17 19 14 19 14 17 25 17
 17 25 17 19 17 25 25 17 25 17
 17 25 17 19 17 25 25 17 14 19
 17 25 17 19 17 25 25 25 17 14
 17 25 17 19 17 25 17 14 14 19
 17 25 17 19 17 25 17 14 19 17
 17 25 17 19 17 25 17 14 19 14
 17 25 17 19 17 25 17 19 14 14
 17 25 17 19 17 25 17 19 14 17
 17 25 17 19 17 25 17 25 17 14
 17 25 17 19 17 17 14 17 25 25
 17 25 17 19 17 17 14 17 17 17
 17 25 17 19 19 14 14 17 25 25
 17 25 25 17 25 17 14 19 14 19
 17 25 25 17 25 17 14 19 14 17
 17 25 25 17 25 17 14 19 17 25
 17 25 25 17 25 17 14 19 17 17
 17 25 25 17 25 17 19 14 17 25
 17 25 25 17 25 17 19 17 25 25
 17 25 25 17 25 17 17 25 17 14
 17 25 25 17 25 17 17 25 17 17
 17 25 25 17 25 17 17 25 17 25
 17 25 25 17 25 17 17 25 25 17
 17 25 25 17 25 17 17 17 25 17
 17 25 25 17 25 17 17 17 17 17
 17 25 25 17 25 17 25 17 17 25
 17 25 25 17 25 25 17 25 25 17
 17 25 25 17 25 25 17 25 17 17
 17 25 25 17 25 25 17 17 17 25
 17 25 25 17 25 25 17 17 17 14
 17 25 25 17 25 25 17 17 25 17
 17 25 25 17 25 25 17 14 19 17
 17 25 25 17 25 25 25 17 17 25
 17 25 25 17 25 25 25 17 25 17
 17 25 25 17 14 19 17 17 14 19
 17 25 25 17 14 19 17 17 17 17
 17 25 25 17 14 19 17 17 17 14
 17 25 25 17 14 19 17 17 19 14
 17 25 25 17 14 19 17 25 25 25
 17 25 25 17 14 19 17 25 25 17
 17 25 25 17 14 19 17 25 17 25
 17 25 25 17 14 19 17 25 17 17
 17 25 25 17 14 19 17 25 17 14
 17 25 25 17 14 19 17 25 17 19
 17 25 25 17 14 19 14 19 17 17
 17 25 25 17 14 19 14 19 17 25
 17 25 25 17 14 19 14 17 17 14
 17 25 25 17 14 19 19 14 17 17
 17 25 25 17 14 14 19 17 25 17
 17 25 25 17 14 14 19 17 25 25
 17 25 25 17 14 17 25 17 14 19
 17 25 25 17 17 25 17 14 19 17
 17 25 25 17 17 25 17 14 19 14
 17 25 25 17 17 25 17 14 19 19
 17 25 25 17 17 25 17 19 14 17
 17 25 25 17 17 25 17 19 17 25
 17 25 25 17 17 25 17 17 25 17
 17 25 25 17 17 25 17 17 17 25
 17 25 25 17 17 25 17 17 17 17
 17 25 25 17 17 25 17 25 25 17
 17 25 25 17 17 25 17 25 17 17
 17 25 25 17 17 25 25 17 17 25
 17 25 25 17 17 17 17 17 17 25
 17 25 25 17 17 17 17 17 25 25
 17 25 25 17 17 17 17 17 25 17
 17 25 25 17 17 17 17 25 17 17
 17 25 25 17 17 17 17 25 25 17
 17 25 25 17 17 17 25 17 25 17
 17 25 25 17 17 17 25 17 17 25
 17 25 25 17 17 17 25 17 17 17
 17 25 25 17 17 17 14 19 17 17
 17 25 25 17 17 17 14 19 17 25
 17 25 25 17 19 14 17 25 17 25
 17 25 25 17 19 14 17 25 17 19
 17 25 25 17 19 14 17 25 17 17
 17 25 25 17 19 14 17 25 17 14
 17 25 25 17 19 14 17 25 25 17
 17 25 25 17 19 14 17 25 25 25
 17 25 25 17 19 14 17 17 19 14
 17 25 25 17 19 17 25 25 25 17
 17 25 25 17 19 17 25 17 14 19
 17 25 25 25 17 14 19 17 25 17
 17 25 25 25 17 14 19 17 25 25
 17 25 25 25 17 14 19 17 17 14
 17 25 25 25 17 14 19 17 17 17
 17 25 25 25 17 14 19 14 19 17
 17 25 25 25 17 14 19 14 19 14
 17 25 25 25 17 14 19 19 14 17
 17 25 25 25 17 14 19 19 19 14
 17 25 25 25 17 14 14 19 17 25
 17 25 25 25 17 14 14 19 17 17
 17 25 25 25 17 14 14 14 19 14
 17 25 25 25 17 19 17 25 25 25
 17 25 25 25 17 19 14 17 25 17
 17 25 25 25 17 25 17 14 19 17
 17 25 25 25 17 25 17 14 19 14
 17 25 25 25 17 25 17 17 17 17
 17 25 25 25 17 25 25 17 17 17
 17 25 25 25 17 17 25 17 14 19
 17 25 25 25 17 17 25 17 17 25
 17 25 25 25 17 17 25 17 17 17
 17 25 25 25 17 17 25 17 19 19
 17 25 25 25 17 17 17 17 17 17
 17 25 25 25 25 17 14 19 17 25
 17 25 25 25 25 17 14 19 17 17
 17 25 25 25 25 17 14 14 14 19
 17 25 25 25 25 17 17 25 17 14
 17 25 25 25 25 17 25 17 25 17
 17 25 25 25 25 25 25 25 25 25
 17 25 25 25 25 25 17 17 25 25
 17 25 25 25 25 25 17 14 19 17
 17 25 25 25 25 25 17 25 17 14
 17 17 25 17 14 19 17 25 17 14
 17 17 25 17 14 19 17 25 17 17
 17 17 25 17 14 19 17 25 17 19
 17 17 25 17 14 19 17 25 17 25
 17 17 25 17 14 19 17 25 25 25
 17 17 25 17 14 19 17 25 25 17
 17 17 25 17 14 19 17 17 14 19
 17 17 25 17 14 19 17 17 17 17
 17 17 25 17 14 19 17 17 17 19
 17 17 25 17 14 19 17 17 19 14
 17 17 25 17 14 19 17 17 25 17
 17 17 25 17 14 19 14 19 17 17
 17 17 25 17 14 19 14 19 17 25
 17 17 25 17 14 19 19 14 17 17
 17 17 25 17 14 19 19 14 17 25
 17 17 25 17 17 17 17 17 17 25
 17 17 25 17 17 17 17 17 17 12
 17 17 25 17 17 17 17 17 17 17
 17 17 25 17 17 17 17 17 25 17
 17 17 25 17 17 17 17 17 25 25
 17 17 25 17 17 17 17 25 25 25
 17 17 25 17 17 17 17 25 25 17
 17 17 25 17 17 17 17 25 17 17
 17 17 25 17 17 17 17 25 17 25
 17 17 25 17 17 17 17 12 12 25
 17 17 25 17 17 17 25 17 17 25
 17 17 25 17 17 17 25 17 17 17
 17 17 25 17 17 17 25 17 25 17
 17 17 25 17 17 17 25 17 19 14
 17 17 25 17 17 17 25 25 17 17
 17 17 25 17 17 17 25 25 17 25
 17 17 25 17 17 17 25 25 17 14
 17 17 25 17 17 17 25 25 25 17
 17 17 25 17 17 17 14 19 17 25
 17 17 25 17 17 25 17 17 25 17
 17 17 25 17 17 25 17 17 25 25
 17 17 25 17 17 25 17 17 17 17
 17 17 25 17 17 25 17 17 17 25
 17 17 25 17 17 25 17 17 19 14
 17 17 25 17 17 25 17 14 19 17
 17 17 25 17 17 25 17 14 19 14
 17 17 25 17 17 25 17 14 19 19
 17 17 25 17 17 25 17 19 14 17
 17 17 25 17 17 25 17 19 17 25
 17 17 25 17 17 25 17 25 17 17
 17 17 25 17 17 25 17 25 17 14
 17 17 25 17 17 25 17 25 17 25
 17 17 25 17 17 25 17 25 25 17
 17 17 25 17 17 25 25 17 25 17
 17 17 25 17 17 25 25 17 25 25
 17 17 25 17 17 25 25 17 14 19
 17 17 25 17 17 25 25 17 17 17
 17 17 25 17 17 25 25 17 17 25
 17 17 25 17 17 25 25 25 17 14
 17 17 25 17 17 25 25 25 17 25
 17 17 25 17 17 19 14 17 17 14
 17 17 25 17 19 14 17 25 17 17
 17 17 25 17 19 14 17 25 17 25
 17 17 25 17 19 14 17 25 17 14
 17 17 25 17 19 14 17 25 17 19
 17 17 25 17 19 14 17 25 25 25
 17 17 25 17 19 14 17 25 25 17
 17 17 25 17 19 14 17 17 14 19
 17 17 25 17 19 17 25 25 17 25
 17 17 25 17 19 17 25 25 25 17
 17 17 25 17 19 17 25 17 14 14
 17 17 25 17 19 17 25 17 14 19
 17 17 25 17 19 17 25 17 25 17
 17 17 25 17 19 17 17 14 17 25
 17 17 25 17 19 19 14 14 17 25
 17 17 25 17 25 17 17 25 17 14
 17 17 25 17 25 17 17 25 17 17
 17 17 25 17 25 17 17 25 17 25
 17 17 25 17 25 17 17 25 25 17
 17 17 25 17 25 17 17 17 17 17
 17 17 25 17 25 17 17 17 17 25
 17 17 25 17 25 17 17 17 25 17
 17 17 25 17 25 17 17 17 19 14
 17 17 25 17 25 17 14 19 17 17
 17 17 25 17 25 17 14 19 17 25
 17 17 25 17 25 17 25 17 17 25
 17 17 25 17 25 17 25 17 14 19
 17 17 25 17 25 17 25 25 17 17
 17 17 25 17 25 17 25 25 17 14
 17 17 25 17 25 17 19 14 17 25
 17 17 25 17 25 25 25 17 25 17
 17 17 25 17 25 25 25 17 14 19
 17 17 25 17 25 25 17 14 19 17
 17 17 25 17 25 25 17 17 25 17
 17 17 25 17 25 25 17 25 25 17
 17 17 25 17 25 25 17 25 25 25
 17 17 25 17 25 25 17 25 17 17
 17 17 25 17 25 25 17 25 17 14
 17 17 25 25 17 14 19 17 25 25
 17 17 25 25 17 14 19 17 25 17
 17 17 25 25 17 14 19 17 17 14
 17 17 25 25 17 14 19 17 17 17
 17 17 25 25 17 14 19 17 17 19
 17 17 25 25 17 14 19 14 19 17
 17 17 25 25 17 25 17 14 19 17
 17 17 25 25 17 25 17 17 17 25
 17 17 25 25 17 25 17 17 25 17
 17 17 25 25 17 25 17 25 17 17
 17 17 25 25 17 25 25 17 25 25
 17 17 25 25 17 25 25 17 25 17
 17 17 25 25 17 25 25 17 14 19
 17 17 25 25 17 25 25 25 17 17
 17 17 25 25 17 17 17 17 17 17
 17 17 25 25 17 17 17 17 17 25
 17 17 25 25 17 17 17 17 25 17
 17 17 25 25 17 17 17 17 25 25
 17 17 25 25 17 17 17 25 17 17
 17 17 25 25 17 17 25 17 14 19
 17 17 25 25 17 17 25 17 17 25
 17 17 25 25 17 17 25 17 17 17
 17 17 25 25 17 17 25 17 25 25
 17 17 25 25 17 17 25 17 25 17
 17 17 25 25 17 17 25 25 17 17
 17 17 25 25 17 19 14 17 25 25
 17 17 25 25 17 19 14 17 25 17
 17 17 25 25 25 17 14 19 17 17
 17 17 25 25 25 17 14 19 17 25
 17 17 25 25 25 17 14 19 14 19
 17 17 25 25 25 17 14 14 19 17
 17 17 25 25 25 17 17 25 17 14
 17 17 25 25 25 17 17 17 17 17
 17 17 25 25 25 17 25 25 17 17
 17 17 25 25 25 17 19 14 17 25
 17 17 25 25 25 25 17 14 19 17
 17 17 25 25 25 25 17 25 17 25
 17 17 25 25 25 25 25 17 17 25
 17 17 25 25 25 25 25 17 25 17
 17 17 25 25 25 25 25 25 25 25
 17 17 14 19 17 17 14 19 17 17
 17 17 14 19 17 17 14 19 17 25
 17 17 14 19 17 17 14 19 19 14
 17 17 14 19 17 17 14 19 19 19
 17 17 14 19 17 17 14 19 19 17
 17 17 14 19 17 17 14 19 14 19
 17 17 14 19 17 17 14 19 14 17
 17 17 14 19 17 17 14 14 19 17
 17 17 14 19 17 17 14 17 17 14
 17 17 14 19 17 17 14 17 17 19
 17 17 14 19 17 17 17 14 19 17
 17 17 14 19 17 17 17 17 19 14
 17 17 14 19 17 17 17 17 19 17
 17 17 14 19 17 17 17 17 14 19
 17 17 14 19 17 17 17 17 17 14
 17 17 14 19 17 17 17 17 17 17
 17 17 14 19 17 17 17 17 17 25
 17 17 14 19 17 17 17 17 17 19
 17 17 14 19 17 17 17 25 17 14
 17 17 14 19 17 17 17 25 17 17
 17 17 14 19 17 17 17 25 25 17
 17 17 14 19 17 17 17 19 14 17
 17 17 14 19 17 17 19 19 14 14
 17 17 14 19 17 17 19 19 17 25
 17 17 14 19 17 17 19 14 17 17
 17 17 14 19 17 17 19 14 17 25
 17 17 14 19 17 17 19 14 14 19
 17 17 14 19 17 17 19 14 19 14
 17 17 14 19 17 17 19 17 17 19
 17 17 14 19 17 17 19 17 17 14
 17 17 14 19 17 17 25 17 17 25
 17 17 14 19 17 17 25 17 14 19
 17 17 14 19 17 25 17 25 25 17
 17 17 14 19 17 25 17 25 17 14
 17 17 14 19 17 25 17 25 17 25
 17 17 14 19 17 25 17 14 19 17
 17 17 14 19 17 25 17 14 19 14
 17 17 14 19 17 25 17 17 25 17
 17 17 14 19 17 25 17 17 25 25
 17 17 14 19 17 25 17 17 17 14
 17 17 14 19 17 25 17 17 17 17
 17 17 14 19 17 25 17 19 14 17
 17 17 14 19 17 25 17 19 17 25
 17 17 14 19 17 25 25 17 14 19
 17 17 14 19 17 25 25 17 25 17
 17 17 14 19 17 25 25 25 17 14
 17 17 14 19 17 25 25 25 17 25
 17 17 14 19 19 14 17 17 14 19
 17 17 14 19 19 14 17 17 17 17
 17 17 14 19 19 14 17 17 17 14
 17 17 14 19 19 14 17 17 17 19
 17 17 14 19 19 14 17 17 19 14
 17 17 14 19 19 14 17 17 19 17
 17 17 14 19 19 14 17 25 17 17
 17 17 14 19 19 14 17 25 17 14
 17 17 14 19 19 14 17 25 17 25
 17 17 14 19 19 14 17 25 25 25
 17 17 14 19 19 14 17 25 25 17
 17 17 14 19 19 14 14 19 17 17
 17 17 14 19 19 14 14 19 17 25
 17 17 14 19 19 19 19 19 19 19
 17 17 14 19 19 19 14 14 17 25
 17 17 14 19 19 19 14 14 17 17
 17 17 14 19 19 17 25 17 25 25
 17 17 14 19 19 17 25 17 17 25
 17 17 14 19 19 17 25 25 25 25
 17 17 14 19 14 19 17 17 19 14
 17 17 14 19 14 19 17 17 17 17
 17 17 14 19 14 19 17 17 17 14
 17 17 14 19 14 19 17 17 17 25
 17 17 14 19 14 19 17 17 14 19
 17 17 14 19 14 19 17 25 17 17
 17 17 14 19 14 19 17 25 17 25
 17 17 14 19 14 19 17 25 17 14
 17 17 14 19 14 19 17 25 25 17
 17 17 14 19 14 19 14 19 14 19
 17 17 14 19 14 19 14 19 17 17
 17 17 14 19 14 19 19 14 17 25
 17 17 14 19 14 17 17 14 19 17
 17 17 14 19 14 17 17 19 14 17
 17 17 14 19 14 17 17 19 17 17
 17 17 14 17 17 14 19 17 17 17
 17 17 14 17 17 14 19 17 17 14
 17 17 14 17 17 17 17 19 14 17
 17 17 14 17 17 17 17 17 17 17
 17 17 14 17 17 17 14 19 17 17
 17 17 14 17 17 19 17 17 14 19
 17 17 14 17 25 25 17 14 19 17
 17 17 14 14 19 17 17 19 17 17
 17 17 14 14 19 17 17 14 19 17
 17 17 19 14 17 17 14 19 17 17
 17 17 19 14 17 17 14 19 17 25
 17 17 19 14 17 17 14 19 19 14
 17 17 19 14 17 17 14 19 14 19
 17 17 19 14 17 17 17 17 19 14
 17 17 19 14 17 17 17 17 19 17
 17 17 19 14 17 17 17 17 19 19
 17 17 19 14 17 17 17 17 17 17
 17 17 19 14 17 17 17 17 17 25
 17 17 19 14 17 17 17 17 17 19
 17 17 19 14 17 17 17 17 17 14
 17 17 19 14 17 17 17 17 14 19
 17 17 19 14 17 17 17 19 14 17
 17 17 19 14 17 17 17 25 17 14
 17 17 19 14 17 17 17 14 19 17
 17 17 19 14 17 17 19 14 19 14
 17 17 19 14 17 17 19 14 17 17
 17 17 19 14 17 17 19 14 17 25
 17 17 19 14 17 17 19 14 14 19
 17 17 19 14 17 17 19 19 14 14
 17 17 19 14 17 17 19 19 17 25
 17 17 19 14 17 17 19 17 17 14
 17 17 19 14 17 17 19 17 17 19
 17 17 19 14 17 17 25 17 25 17
 17 17 19 14 17 17 27 27 27 27
 17 17 19 14 17 25 17 17 25 17
 17 17 19 14 17 25 17 19 14 17
 17 17 19 14 17 25 17 19 14 14
 17 17 19 14 17 25 17 14 19 17
 17 17 19 14 17 25 17 14 19 14
 17 17 19 14 19 14 17 17 17 17
 17 17 19 14 19 14 17 25 17 17
 17 17 19 14 19 14 17 25 25 25
 17 17 19 14 19 14 14 19 17 25
 17 17 19 14 19 14 14 19 17 17
 17 17 19 14 19 14 19 14 17 17
 17 17 19 14 14 19 17 25 17 17
 17 17 19 14 14 19 17 17 17 17
 17 17 19 14 14 19 14 19 17 25
 17 17 19 14 14 17 17 19 14 17
 17 17 19 14 14 17 17 14 19 17
 17 17 19 19 14 14 17 17 19 19
 17 17 19 19 14 14 17 17 19 14
 17 17 19 19 14 14 17 17 14 19
 17 17 19 19 14 14 17 17 17 17
 17 17 19 19 14 14 17 25 17 17
 17 17 19 19 17 25 17 14 17 25
 17 17 19 19 17 25 17 14 14 17
 17 17 19 19 17 25 17 25 25 25
 17 17 19 17 17 19 14 14 17 17
 17 17 19 17 17 14 17 17 14 19
 17 17 19 17 17 14 19 14 17 17
 17 17 19 17 17 14 19 17 17 14
 17 17 19 17 17 14 19 17 17 17
 17 17 19 17 17 14 19 19 17 25
 17 17 19 17 17 17 17 17 17 17
 17 17 19 17 17 17 19 14 14 17
 17 17 17 17 14 19 14 19 17 17
 17 17 17 17 14 19 17 25 25 17
 17 17 17 17 14 19 17 25 17 17
 17 17 17 17 14 19 17 25 17 25
 17 17 17 17 14 19 17 25 17 14
 17 17 17 17 14 19 17 25 17 19
 17 17 17 17 14 19 17 17 14 19
 17 17 17 17 14 19 17 17 17 17
 17 17 17 17 14 19 17 17 17 14
 17 17 17 17 14 19 17 17 17 19
 17 17 17 17 14 19 17 17 19 14
 17 17 17 17 14 19 17 17 25 17
 17 17 17 17 14 19 19 14 17 17
 17 17 17 17 14 19 19 14 17 25
 17 17 17 17 14 17 17 17 17 17
 17 17 17 17 14 17 17 17 14 19
 17 17 17 17 17 25 17 17 17 17
 17 17 17 17 17 25 17 17 17 25
 17 17 17 17 17 25 17 17 25 17
 17 17 17 17 17 25 17 14 19 17
 17 17 17 17 17 25 17 25 17 17
 17 17 17 17 17 25 17 25 17 25
 17 17 17 17 17 25 17 25 25 25
 17 17 17 17 17 25 17 19 17 17
 17 17 17 17 17 25 25 17 17 17
 17 17 17 17 17 25 25 17 17 25
 17 17 17 17 17 25 25 17 14 19
 17 17 17 17 17 25 25 17 25 17
 17 17 17 17 17 25 25 25 17 17
 17 17 17 17 17 17 25 17 17 17
 17 17 17 17 17 17 25 17 17 25
 17 17 17 17 17 17 25 17 14 19
 17 17 17 17 17 17 25 17 25 17
 17 17 17 17 17 17 25 17 25 25
 17 17 17 17 17 17 25 17 19 17
 17 17 17 17 17 17 25 25 17 17
 17 17 17 17 17 17 25 25 17 14
 17 17 17 17 17 17 25 25 17 25
 17 17 17 17 17 17 14 19 17 17
 17 17 17 17 17 17 14 19 17 25
 17 17 17 17 17 17 14 17 17 17
 17 17 17 17 17 17 12 12 25 17
 17 17 17 17 17 17 17 17 17 14
 17 17 17 17 17 17 17 17 17 17
 17 17 17 17 17 17 17 17 17 25
 17 17 17 17 17 17 17 17 17 12
 17 17 17 17 17 17 17 17 17 19
 17 17 17 17 17 17 17 17 14 19
 17 17 17 17 17 17 17 17 14 17
 17 17 17 17 17 17 17 17 25 17
 17 17 17 17 17 17 17 17 25 25
 17 17 17 17 17 17 17 17 12 12
 17 17 17 17 17 17 17 17 19 14
 17 17 17 17 17 17 17 17 19 17
 17 17 17 17 17 17 17 14 19 17
 17 17 17 17 17 17 17 14 17 17
 17 17 17 17 17 17 17 25 17 14
 17 17 17 17 17 17 17 25 17 17
 17 17 17 17 17 17 17 25 25 17
 17 17 17 17 17 17 17 12 12 25
 17 17 17 17 17 17 17 19 14 17
 17 17 17 17 17 17 17 19 17 17
 17 17 17 17 17 17 19 14 17 17
 17 17 17 17 17 17 19 17 17 17
 17 17 17 17 17 14 19 17 25 17
 17 17 17 17 17 14 19 17 17 17
 17 17 17 17 17 14 19 17 17 14
 17 17 17 17 17 14 19 17 17 25
 17 17 17 17 17 14 17 17 17 17
 17 17 17 17 17 14 17 17 17 14
 17 17 17 17 17 12 12 25 17 17
 17 17 17 17 17 19 14 17 17 25
 17 17 17 17 17 19 14 17 17 17
 17 17 17 17 17 19 14 17 17 14
 17 17 17 17 17 19 14 17 17 19
 17 17 17 17 17 19 17 17 17 17
 17 17 17 17 17 19 17 17 17 19
 17 17 17 17 25 17 17 17 17 17
 17 17 17 17 25 17 17 17 17 25
 17 17 17 17 25 17 17 17 17 12
 17 17 17 17 25 17 17 17 25 17
 17 17 17 17 25 17 17 17 25 25
 17 17 17 17 25 17 17 25 17 17
 17 17 17 17 25 17 17 25 17 14
 17 17 17 17 25 17 17 25 17 25
 17 17 17 17 25 17 17 25 17 19
 17 17 17 17 25 17 17 25 25 17
 17 17 17 17 25 17 17 25 25 25
 17 17 17 17 25 17 25 17 17 25
 17 17 17 17 25 17 25 17 17 17
 17 17 17 17 25 17 25 17 25 17
 17 17 17 17 25 17 25 17 25 25
 17 17 17 17 25 17 25 17 14 19
 17 17 17 17 25 17 25 25 17 14
 17 17 17 17 25 17 25 25 17 25
 17 17 17 17 25 17 25 25 25 17
 17 17 17 17 25 17 14 19 17 17
 17 17 17 17 25 17 14 19 17 25
 17 17 17 17 25 17 14 19 14 19
 17 17 17 17 25 17 19 17 17 14
 17 17 17 17 25 25 25 17 14 19
 17 17 17 17 25 25 25 17 17 17
 17 17 17 17 25 25 25 17 19 14
 17 17 17 17 25 25 25 25 17 14
 17 17 17 17 25 25 17 17 17 17
 17 17 17 17 25 25 17 17 17 25
 17 17 17 17 25 25 17 17 25 17
 17 17 17 17 25 25 17 14 19 17
 17 17 17 17 25 25 17 25 25 17
 17 17 17 17 25 25 17 25 17 14
 17 17 17 17 25 25 17 25 17 25
 17 17 17 17 19 14 17 17 14 19
 17 17 17 17 19 14 17 17 17 17
 17 17 17 17 19 14 17 17 17 14
 17 17 17 17 19 14 17 17 17 19
 17 17 17 17 19 14 17 17 19 14
 17 17 17 17 19 14 17 17 25 17
 17 17 17 17 19 14 17 17 27 27
 17 17 17 17 19 17 17 14 17 17
 17 17 17 17 19 17 17 14 19 17
 17 17 17 17 19 17 17 17 17 17
 17 17 17 17 19 17 17 17 19 14
 17 17 17 17 19 19 14 14 17 17
 17 17 17 17 12 12 25 17 17 17
 17 17 17 14 19 14 19 17 17 14
 17 17 17 14 19 14 19 17 17 17
 17 17 17 14 19 14 19 17 17 19
 17 17 17 14 19 17 25 25 17 14
 17 17 17 14 19 17 25 25 17 25
 17 17 17 14 19 17 25 17 17 25
 17 17 17 14 19 17 25 17 17 17
 17 17 17 14 19 17 25 17 25 17
 17 17 17 14 19 17 25 17 14 19
 17 17 17 14 19 17 25 17 19 14
 17 17 17 14 19 17 17 14 19 17
 17 17 17 14 19 17 17 14 19 14
 17 17 17 14 19 17 17 14 19 19
 17 17 17 14 19 17 17 14 17 17
 17 17 17 14 19 17 17 17 17 14
 17 17 17 14 19 17 17 17 17 17
 17 17 17 14 19 17 17 17 17 19
 17 17 17 14 19 17 17 17 14 19
 17 17 17 14 19 17 17 17 19 14
 17 17 17 14 19 17 17 19 14 17
 17 17 17 14 19 17 17 19 14 19
 17 17 17 14 19 17 17 19 19 14
 17 17 17 14 19 17 17 19 17 17
 17 17 17 14 19 17 17 25 17 17
 17 17 17 14 19 17 17 25 17 14
 17 17 17 14 19 19 14 17 17 17
 17 17 17 14 19 19 14 17 17 19
 17 17 17 14 19 19 14 17 25 17
 17 17 17 14 17 17 17 17 17 17
 17 17 17 14 17 17 17 14 19 17
 17 17 17 25 17 17 17 17 17 17
 17 17 17 25 17 17 17 17 17 25
 17 17 17 25 17 17 17 17 25 25
 17 17 17 25 17 17 17 17 25 17
 17 17 17 25 17 17 17 17 12 12
 17 17 17 25 17 17 17 25 17 17
 17 17 17 25 17 17 17 25 17 25
 17 17 17 25 17 17 17 25 17 19
 17 17 17 25 17 17 17 25 25 17
 17 17 17 25 17 17 17 25 25 25
 17 17 17 25 17 17 25 17 17 25
 17 17 17 25 17 17 25 17 17 17
 17 17 17 25 17 17 25 17 25 17
 17 17 17 25 17 17 25 17 14 19
 17 17 17 25 17 17 25 17 19 14
 17 17 17 25 17 17 25 25 25 17
 17 17 17 25 17 17 25 25 17 17
 17 17 17 25 17 17 25 25 17 14
 17 17 17 25 17 14 19 17 17 14
 17 17 17 25 17 14 19 17 17 19
 17 17 17 25 17 14 19 17 17 17
 17 17 17 25 17 14 19 17 25 17
 17 17 17 25 17 14 19 14 19 17
 17 17 17 25 17 25 17 17 25 17
 17 17 17 25 17 25 17 17 25 25
 17 17 17 25 17 25 17 17 17 17
 17 17 17 25 17 25 17 17 17 25
 17 17 17 25 17 25 17 25 17 17
 17 17 17 25 17 25 17 25 25 17
 17 17 17 25 17 25 17 14 19 17
 17 17 17 25 17 25 25 17 14 19
 17 17 17 25 17 25 25 17 25 17
 17 17 17 25 17 25 25 25 17 14
 17 17 17 25 17 19 14 17 17 14
 17 17 17 25 17 19 14 17 25 17
 17 17 17 25 17 19 17 17 14 17
 17 17 17 25 25 17 14 19 17 17
 17 17 17 25 25 17 14 19 17 25
 17 17 17 25 25 17 17 17 17 17
 17 17 17 25 25 17 17 17 17 25
 17 17 17 25 25 17 17 17 25 17
 17 17 17 25 25 17 17 25 17 17
 17 17 17 25 25 17 17 25 17 14
 17 17 17 25 25 17 25 25 17 14
 17 17 17 25 25 17 25 25 25 17
 17 17 17 25 25 17 25 17 14 19
 17 17 17 25 25 17 25 17 25 17
 17 17 17 25 25 25 17 14 19 17
 17 17 17 25 25 25 17 17 17 17
 17 17 17 25 25 25 17 19 14 17
 17 17 17 25 25 25 25 17 14 19
 17 17 17 19 14 17 17 14 19 19
 17 17 17 19 14 17 17 14 19 17
 17 17 17 19 14 17 17 14 19 14
 17 17 17 19 14 17 17 17 17 19
 17 17 17 19 14 17 17 17 17 17
 17 17 17 19 14 17 17 17 17 14
 17 17 17 19 14 17 17 17 14 19
 17 17 17 19 14 17 17 17 19 14
 17 17 17 19 14 17 17 19 14 19
 17 17 17 19 14 17 17 19 14 17
 17 17 17 19 14 17 17 19 14 14
 17 17 17 19 14 17 17 19 19 14
 17 17 17 19 14 17 17 19 17 17
 17 17 17 19 14 17 17 25 17 25
 17 17 17 19 14 17 17 27 27 27
 17 17 17 19 14 14 17 17 14 19
 17 17 17 19 17 17 14 17 17 14
 17 17 17 19 17 17 14 19 17 17
 17 17 17 19 17 17 17 17 17 17
 17 17 17 19 17 17 17 19 14 14
 17 17 17 19 19 14 14 17 17 17
 17 17 17 12 12 25 17 17 17 17
 17 17 12 12 25 17 17 17 17 17
 17 17 12 12 25 17 17 17 17 25
 17 17 6 25 25 25 25 27 27 27
 17 17 27 27 27 27 27 27 27 27
 17 14 19 17 25 17 14 19 6 14
 17 14 19 17 25 17 14 19 17 17
 17 14 19 17 25 17 14 19 17 25
 17 14 19 17 25 17 14 19 19 14
 17 14 19 17 25 17 14 19 14 19
 17 14 19 17 25 17 14 19 14 17
 17 14 19 17 25 17 14 14 19 17
 17 14 19 17 25 17 25 25 17 25
 17 14 19 17 25 17 25 25 17 14
 17 14 19 17 25 17 25 25 17 19
 17 14 19 17 25 17 25 25 17 17
 17 14 19 17 25 17 25 25 25 17
 17 14 19 17 25 17 25 17 25 17
 17 14 19 17 25 17 25 17 14 19
 17 14 19 17 25 17 25 17 17 25
 17 14 19 17 25 17 25 17 19 14
 17 14 19 17 25 17 17 25 17 14
 17 14 19 17 25 17 17 25 17 17
 17 14 19 17 25 17 17 25 17 19
 17 14 19 17 25 17 17 25 17 25
 17 14 19 17 25 17 17 25 25 17
 17 14 19 17 25 17 17 25 25 25
 17 14 19 17 25 17 17 17 14 19
 17 14 19 17 25 17 17 17 17 17
 17 14 19 17 25 17 17 17 17 25
 17 14 19 17 25 17 17 6 25 25
 17 14 19 17 25 17 19 14 17 25
 17 14 19 17 25 17 19 14 17 17
 17 14 19 17 25 17 19 14 19 14
 17 14 19 17 25 17 19 17 25 17
 17 14 19 17 25 17 19 17 17 14
 17 14 19 17 25 25 17 14 19 17
 17 14 19 17 25 25 17 14 19 19
 17 14 19 17 25 25 17 14 14 19
 17 14 19 17 25 25 17 14 17 25
 17 14 19 17 25 25 17 25 17 14
 17 14 19 17 25 25 17 25 17 19
 17 14 19 17 25 25 17 25 17 17
 17 14 19 17 25 25 17 17 25 17
 17 14 19 17 25 25 17 17 17 17
 17 14 19 17 25 25 17 19 14 17
 17 14 19 17 25 25 17 19 17 25
 17 14 19 17 25 25 25 17 14 19
 17 14 19 17 25 25 25 17 14 14
 17 14 19 17 25 25 25 17 19 17
 17 14 19 17 25 25 25 17 25 17
 17 14 19 17 25 25 25 17 17 25
 17 14 19 17 17 25 17 14 19 17
 17 14 19 17 17 25 17 17 25 17
 17 14 19 17 17 25 17 17 17 25
 17 14 19 17 17 14 19 17 17 14
 17 14 19 17 17 14 19 17 17 17
 17 14 19 17 17 14 19 17 17 19
 17 14 19 17 17 14 19 17 25 17
 17 14 19 17 17 14 19 17 25 25
 17 14 19 17 17 14 19 19 14 17
 17 14 19 17 17 14 19 19 14 14
 17 14 19 17 17 14 19 19 19 19
 17 14 19 17 17 14 19 19 19 14
 17 14 19 17 17 14 19 19 17 25
 17 14 19 17 17 14 19 14 19 17
 17 14 19 17 17 14 19 14 19 14
 17 14 19 17 17 14 19 14 17 17
 17 14 19 17 17 14 14 19 17 17
 17 14 19 17 17 14 17 17 14 19
 17 14 19 17 17 14 17 17 19 17
 17 14 19 17 17 17 14 19 17 17
 17 14 19 17 17 17 14 19 17 25
 17 14 19 17 17 17 14 19 14 19
 17 14 19 17 17 17 14 19 19 14
 17 14 19 17 17 17 17 17 25 17
 17 14 19 17 17 17 17 17 25 25
 17 14 19 17 17 17 17 17 14 19
 17 14 19 17 17 17 17 17 17 14
 17 14 19 17 17 17 17 17 17 17
 17 14 19 17 17 17 17 17 17 19
 17 14 19 17 17 17 17 17 19 14
 17 14 19 17 17 17 17 17 19 17
 17 14 19 17 17 17 17 14 19 17
 17 14 19 17 17 17 17 14 19 14
 17 14 19 17 17 17 17 14 19 19
 17 14 19 17 17 17 17 19 14 17
 17 14 19 17 17 17 17 19 17 17
 17 14 19 17 17 17 17 25 25 17
 17 14 19 17 17 17 17 25 25 25
 17 14 19 17 17 17 25 17 14 19
 17 14 19 17 17 17 25 17 17 25
 17 14 19 17 17 17 25 17 19 14
 17 14 19 17 17 17 25 25 17 14
 17 14 19 17 17 17 19 14 17 17
 17 14 19 17 17 19 19 14 14 17
 17 14 19 17 17 19 19 17 25 17
 17 14 19 17 17 19 14 17 17 14
 17 14 19 17 17 19 14 17 17 19
 17 14 19 17 17 19 14 17 17 17
 17 14 19 17 17 19 14 17 25 17
 17 14 19 17 17 19 14 14 19 17
 17 14 19 17 17 19 14 19 14 17
 17 14 19 17 17 19 17 17 19 14
 17 14 19 17 17 19 17 17 14 19
 17 14 19 17 6 25 25 25 25 27
 17 14 19 6 14 19 17 25 17 14
 17 14 19 19 14 17 17 14 19 19
 17 14 19 19 14 17 17 14 19 14
 17 14 19 19 14 17 17 14 19 17
 17 14 19 19 14 17 17 17 17 19
 17 14 19 19 14 17 17 17 17 14
 17 14 19 19 14 17 17 17 17 17
 17 14 19 19 14 17 17 17 14 19
 17 14 19 19 14 17 17 17 19 14
 17 14 19 19 14 17 17 19 14 17
 17 14 19 19 14 17 17 19 17 17
 17 14 19 19 14 17 25 17 17 25
 17 14 19 19 14 17 25 17 17 17
 17 14 19 19 14 17 25 17 17 14
 17 14 19 19 14 17 25 17 14 19
 17 14 19 19 14 17 25 17 25 17
 17 14 19 19 14 17 25 17 25 25
 17 14 19 19 14 17 25 25 17 14
 17 14 19 19 14 17 25 25 17 17
 17 14 19 19 14 17 25 25 17 25
 17 14 19 19 14 17 25 25 25 17
 17 14 19 19 14 17 25 25 25 25
 17 14 19 19 14 14 19 17 17 14
 17 14 19 19 14 14 19 17 25 17
 17 14 19 19 19 19 19 19 19 19
 17 14 19 19 19 14 14 17 25 17
 17 14 19 19 19 14 14 17 25 25
 17 14 19 19 19 14 14 17 17 17
 17 14 19 19 17 25 17 25 25 17
 17 14 19 19 17 25 17 17 25 25
 17 14 19 19 17 25 25 25 25 17
 17 14 19 14 19 17 17 19 14 17
 17 14 19 14 19 17 17 17 17 14
 17 14 19 14 19 17 17 17 17 17
 17 14 19 14 19 17 17 17 17 19
 17 14 19 14 19 17 17 17 14 19
 17 14 19 14 19 17 17 17 25 17
 17 14 19 14 19 17 17 17 19 14
 17 14 19 14 19 17 17 14 19 17
 17 14 19 14 19 17 17 14 19 14
 17 14 19 14 19 17 25 17 17 17
 17 14 19 14 19 17 25 17 17 25
 17 14 19 14 19 17 25 17 17 14
 17 14 19 14 19 17 25 17 25 17
 17 14 19 14 19 17 25 17 14 19
 17 14 19 14 19 17 25 17 19 14
 17 14 19 14 19 17 25 25 17 14
 17 14 19 14 19 17 25 25 17 17
 17 14 19 14 19 17 25 25 25 25
 17 14 19 14 19 14 19 17 17 17
 17 14 19 14 19 14 19 17 17 14
 17 14 19 14 19 14 19 14 19 14
 17 14 19 14 19 14 19 14 19 17
 17 14 19 14 19 19 14 17 25 17
 17 14 19 14 17 25 25 17 25 17
 17 14 19 14 17 25 25 17 14 19
 17 14 19 14 17 25 17 14 19 17
 17 14 19 14 17 25 17 19 14 17
 17 14 19 14 17 25 17 19 17 25
 17 14 19 14 17 17 14 19 17 17
 17 14 19 14 17 17 14 19 19 14
 17 14 19 14 17 17 19 14 17 17
 17 14 19 14 17 17 19 17 17 14
 17 14 14 19 17 25 25 17 25 17
 17 14 14 19 17 25 25 17 17 25
 17 14 14 19 17 25 25 17 14 19
 17 14 14 19 17 25 25 17 19 17
 17 14 14 19 17 25 25 25 17 14
 17 14 14 19 17 25 17 14 19 17
 17 14 14 19 17 25 17 14 19 19
 17 14 14 19 17 25 17 17 17 17
 17 14 14 19 17 25 17 17 25 17
 17 14 14 19 17 25 17 25 17 14
 17 14 14 19 17 25 17 25 17 19
 17 14 14 19 17 25 17 19 17 25
 17 14 14 19 17 25 17 19 14 17
 17 14 14 19 17 17 19 17 17 14
 17 14 14 19 17 17 14 19 17 17
 17 14 14 19 17 17 14 19 17 25
 17 14 14 17 17 17 17 17 25 17
 17 14 14 17 17 17 17 17 25 25
 17 14 14 14 19 17 17 14 19 17
 17 14 14 14 19 14 19 17 25 25
 17 14 17 17 14 19 17 17 17 17
 17 14 17 17 14 19 17 17 14 19
 17 14 17 17 17 17 19 14 17 17
 17 14 17 17 17 17 17 17 17 17
 17 14 17 17 17 14 19 17 17 19
 17 14 17 17 19 17 17 14 19 17
 17 14 17 25 25 25 17 14 14 19
 17 14 17 25 25 17 14 19 17 17
 17 14 17 25 17 14 19 17 25 25
 17 19 14 17 17 14 19 17 17 14
 17 19 14 17 17 14 19 17 17 19
 17 19 14 17 17 14 19 17 17 17
 17 19 14 17 17 14 19 17 25 17
 17 19 14 17 17 14 19 19 14 17
 17 19 14 17 17 14 19 19 14 14
 17 19 14 17 17 14 19 14 19 14
 17 19 14 17 17 14 19 14 19 17
 17 19 14 17 17 14 19 14 19 19
 17 19 14 17 17 19 14 17 17 14
 17 19 14 17 17 19 14 17 17 19
 17 19 14 17 17 19 14 17 17 17
 17 19 14 17 17 19 14 17 25 17
 17 19 14 17 17 19 14 19 14 17
 17 19 14 17 17 19 14 19 14 14
 17 19 14 17 17 19 14 19 14 19
 17 19 14 17 17 19 14 14 19 17
 17 19 14 17 17 19 14 14 19 14
 17 19 14 17 17 19 19 14 14 17
 17 19 14 17 17 19 19 17 25 17
 17 19 14 17 17 19 17 17 14 19
 17 19 14 17 17 19 17 17 19 14
 17 19 14 17 17 17 17 19 14 17
 17 19 14 17 17 17 17 19 17 17
 17 19 14 17 17 17 17 19 19 14
 17 19 14 17 17 17 17 17 17 14
 17 19 14 17 17 17 17 17 17 19
 17 19 14 17 17 17 17 17 17 17
 17 19 14 17 17 17 17 17 25 17
 17 19 14 17 17 17 17 17 19 14
 17 19 14 17 17 17 17 17 14 19
 17 19 14 17 17 17 17 14 19 17
 17 19 14 17 17 17 19 14 17 17
 17 19 14 17 17 17 25 17 14 19
 17 19 14 17 17 17 25 17 25 25
 17 19 14 17 17 17 25 17 17 25
 17 19 14 17 17 17 14 19 17 17
 17 19 14 17 17 25 17 25 17 17
 17 19 14 17 17 25 17 17 25 17
 17 19 14 17 17 25 25 25 17 17
 17 19 14 17 17 27 27 27 27 27
 17 19 14 17 25 17 17 25 17 17
 17 19 14 17 25 17 17 25 17 14
 17 19 14 17 25 17 17 25 17 25
 17 19 14 17 25 17 17 25 17 19
 17 19 14 17 25 17 17 25 25 17
 17 19 14 17 25 17 17 17 17 17
 17 19 14 17 25 17 17 14 19 17
 17 19 14 17 25 17 19 14 17 25
 17 19 14 17 25 17 19 14 17 17
 17 19 14 17 25 17 19 14 14 19
 17 19 14 17 25 17 19 17 25 17
 17 19 14 17 25 17 19 17 25 25
 17 19 14 17 25 17 14 19 17 25
 17 19 14 17 25 17 14 19 17 17
 17 19 14 17 25 17 14 19 14 19
 17 19 14 17 25 17 14 14 19 17
 17 19 14 17 25 17 25 25 17 14
 17 19 14 17 25 17 25 25 17 19
 17 19 14 17 25 17 25 17 17 25
 17 19 14 17 25 17 25 17 25 17
 17 19 14 17 25 17 25 17 14 19
 17 19 14 17 25 17 25 17 19 14
 17 19 14 17 25 17 25 17 19 17
 17 19 14 17 25 25 25 17 14 19
 17 19 14 17 25 25 25 17 17 25
 17 19 14 17 25 25 17 25 17 14
 17 19 14 17 25 25 17 14 19 17
 17 19 14 17 25 25 17 17 25 17
 17 19 14 17 25 25 17 19 14 17
 17 19 14 19 14 17 17 17 17 14
 17 19 14 19 14 17 25 17 17 25
 17 19 14 19 14 17 25 17 17 17
 17 19 14 19 14 17 25 25 25 17
 17 19 14 19 14 17 25 25 25 25
 17 19 14 19 14 14 19 17 25 17
 17 19 14 19 14 14 19 17 17 17
 17 19 14 19 14 19 14 17 17 17
 17 19 14 14 19 17 25 17 17 25
 17 19 14 14 19 17 25 17 17 17
 17 19 14 14 19 17 17 17 17 19
 17 19 14 14 19 17 17 17 17 17
 17 19 14 14 19 17 17 17 17 14
 17 19 14 14 19 14 19 17 25 17
 17 19 14 14 19 14 19 14 19 17
 17 19 14 14 17 17 19 14 17 17
 17 19 14 14 17 17 14 19 17 17
 17 19 14 14 17 25 17 14 19 17
 17 19 14 14 17 25 17 19 17 25
 17 19 14 14 17 25 17 19 14 17
 17 19 14 14 17 25 17 25 17 19
 17 19 14 14 17 25 25 17 14 19
 17 19 17 25 25 25 17 14 14 19
 17 19 17 25 25 17 25 17 14 19
 17 19 17 25 25 17 14 19 14 17
 17 19 17 25 17 14 14 19 17 25
 17 19 17 25 17 14 14 19 17 17
 17 19 17 25 17 14 19 17 25 17
 17 19 17 25 17 14 19 17 25 25
 17 19 17 25 17 14 19 14 17 25
 17 19 17 25 17 19 14 14 17 25
 17 19 17 25 17 19 14 17 25 17
 17 19 17 25 17 25 17 14 14 19
 17 19 17 17 19 14 14 17 17 19
 17 19 17 17 19 14 14 17 17 14
 17 19 17 17 14 17 17 14 19 17
 17 19 17 17 14 17 17 17 17 19
 17 19 17 17 14 17 25 25 17 14
 17 19 17 17 14 19 14 17 17 14
 17 19 17 17 14 19 14 17 17 19
 17 19 17 17 14 19 17 17 14 19
 17 19 17 17 14 19 17 17 14 14
 17 19 17 17 14 19 17 17 14 17
 17 19 17 17 14 19 17 17 17 14
 17 19 17 17 14 19 19 17 25 25
 17 19 17 17 17 17 17 17 17 17
 17 19 17 17 17 19 14 14 17 17
 17 19 19 14 14 17 17 19 19 14
 17 19 19 14 14 17 17 19 14 17
 17 19 19 14 14 17 17 14 19 17
 17 19 19 14 14 17 17 17 17 14
 17 19 19 14 14 17 25 17 17 25
 17 19 19 14 14 17 25 17 17 17
 17 19 19 14 14 17 25 25 17 14
 17 19 19 17 25 17 14 17 25 25
 17 19 19 17 25 17 14 14 17 17
 17 19 19 17 25 17 25 25 25 17
 17 6 25 25 25 25 27 27 27 27
 17 12 12 25 17 17 17 17 17 17
 17 12 12 25 17 17 17 17 25 17
 17 27 27 27 27 27 27 27 27 27
 25 17 17 25 17 14 19 17 25 17
 25 17 17 25 17 14 19 17 25 25
 25 17 17 25 17 14 19 17 17 14
 25 17 17 25 17 14 19 17 17 17
 25 17 17 25 17 14 19 17 17 19
 25 17 17 25 17 14 19 17 17 25
 25 17 17 25 17 14 19 14 19 17
 25 17 17 25 17 14 19 19 14 17
 25 17 17 25 17 17 25 17 17 25
 25 17 17 25 17 17 25 17 17 17
 25 17 17 25 17 17 25 17 17 19
 25 17 17 25 17 17 25 17 14 19
 25 17 17 25 17 17 25 17 19 14
 25 17 17 25 17 17 25 17 19 17
 25 17 17 25 17 17 25 17 25 17
 25 17 17 25 17 17 25 17 25 25
 25 17 17 25 17 17 25 25 17 25
 25 17 17 25 17 17 25 25 17 14
 25 17 17 25 17 17 25 25 17 17
 25 17 17 25 17 17 25 25 25 17
 25 17 17 25 17 17 17 17 25 17
 25 17 17 25 17 17 17 17 25 25
 25 17 17 25 17 17 17 17 17 17
 25 17 17 25 17 17 17 17 17 25
 25 17 17 25 17 17 17 25 17 17
 25 17 17 25 17 17 17 25 17 25
 25 17 17 25 17 17 17 25 25 17
 25 17 17 25 17 17 17 25 25 25
 25 17 17 25 17 17 17 14 19 17
 25 17 17 25 17 17 19 14 17 17
 25 17 17 25 17 19 14 17 25 17
 25 17 17 25 17 19 14 17 25 25
 25 17 17 25 17 19 17 25 25 17
 25 17 17 25 17 19 17 25 25 25
 25 17 17 25 17 19 17 25 17 14
 25 17 17 25 17 19 17 25 17 25
 25 17 17 25 17 19 19 14 14 17
 25 17 17 25 17 25 17 14 19 17
 25 17 17 25 17 25 17 17 25 17
 25 17 17 25 17 25 17 17 25 25
 25 17 17 25 17 25 17 17 17 17
 25 17 17 25 17 25 17 17 17 25
 25 17 17 25 17 25 17 17 17 19
 25 17 17 25 17 25 17 25 17 17
 25 17 17 25 17 25 17 25 17 14
 25 17 17 25 17 25 17 25 25 17
 25 17 17 25 17 25 17 19 14 17
 25 17 17 25 17 25 25 25 17 25
 25 17 17 25 17 25 25 17 14 19
 25 17 17 25 17 25 25 17 17 25
 25 17 17 25 17 25 25 17 25 25
 25 17 17 25 17 25 25 17 25 17
 25 17 17 25 25 17 14 19 17 25
 25 17 17 25 25 17 14 19 17 17
 25 17 17 25 25 17 14 19 14 19
 25 17 17 25 25 17 25 17 14 19
 25 17 17 25 25 17 25 17 17 17
 25 17 17 25 25 17 25 17 17 25
 25 17 17 25 25 17 25 25 17 25
 25 17 17 25 25 17 17 17 17 17
 25 17 17 25 25 17 17 17 25 17
 25 17 17 25 25 17 17 25 17 14
 25 17 17 25 25 17 17 25 17 17
 25 17 17 25 25 17 17 25 17 25
 25 17 17 25 25 17 17 25 25 17
 25 17 17 25 25 17 19 14 17 25
 25 17 17 25 25 25 17 14 19 17
 25 17 17 25 25 25 17 14 19 14
 25 17 17 25 25 25 17 14 14 19
 25 17 17 25 25 25 17 17 25 17
 25 17 17 25 25 25 17 25 25 17
 25 17 17 25 25 25 25 25 17 17
 25 17 17 25 25 25 25 25 17 25
 25 17 17 25 25 25 25 25 25 25
 25 17 17 25 25 25 25 17 14 19
 25 17 17 25 25 25 25 17 25 17
 25 17 17 17 17 17 17 25 17 17
 25 17 17 17 17 17 17 25 17 14
 25 17 17 17 17 17 17 25 17 25
 25 17 17 17 17 17 17 25 17 19
 25 17 17 17 17 17 17 25 25 17
 25 17 17 17 17 17 17 12 12 25
 25 17 17 17 17 17 17 17 19 14
 25 17 17 17 17 17 17 17 25 17
 25 17 17 17 17 17 17 17 17 17
 25 17 17 17 17 17 17 17 17 19
 25 17 17 17 17 17 25 17 17 25
 25 17 17 17 17 17 25 17 17 17
 25 17 17 17 17 17 25 17 25 17
 25 17 17 17 17 17 25 25 17 17
 25 17 17 17 17 17 25 25 17 14
 25 17 17 17 17 25 17 25 17 17
 25 17 17 17 17 25 17 25 17 14
 25 17 17 17 17 25 17 25 17 25
 25 17 17 17 17 25 17 25 25 17
 25 17 17 17 17 25 17 25 25 25
 25 17 17 17 17 25 17 17 17 17
 25 17 17 17 17 25 17 17 17 25
 25 17 17 17 17 25 17 17 25 17
 25 17 17 17 17 25 17 17 25 25
 25 17 17 17 17 25 17 14 19 14
 25 17 17 17 17 25 25 25 17 14
 25 17 17 17 17 25 25 25 17 19
 25 17 17 17 17 25 25 25 25 17
 25 17 17 17 17 25 25 17 17 17
 25 17 17 17 17 25 25 17 17 25
 25 17 17 17 17 25 25 17 14 19
 25 17 17 17 17 25 25 17 25 25
 25 17 17 17 17 25 25 17 25 17
 25 17 17 17 17 12 12 25 17 17
 25 17 17 17 14 19 17 17 14 19
 25 17 17 17 14 19 17 17 19 14
 25 17 17 17 14 19 17 25 17 14
 25 17 17 17 14 19 17 25 17 19
 25 17 17 17 25 17 17 25 17 17
 25 17 17 17 25 17 17 25 17 25
 25 17 17 17 25 17 17 25 17 14
 25 17 17 17 25 17 17 25 17 19
 25 17 17 17 25 17 17 25 25 25
 25 17 17 17 25 17 17 25 25 17
 25 17 17 17 25 17 17 17 17 17
 25 17 17 17 25 17 17 17 17 25
 25 17 17 17 25 17 17 17 25 17
 25 17 17 17 25 17 17 17 25 25
 25 17 17 17 25 17 25 17 17 25
 25 17 17 17 25 17 19 14 17 25
 25 17 17 17 25 25 17 17 25 17
 25 17 17 17 25 25 17 17 17 25
 25 17 17 17 25 25 17 25 25 25
 25 17 17 17 25 25 17 14 19 17
 25 17 17 17 25 25 25 17 14 19
 25 17 17 17 19 14 17 17 14 19
 25 17 17 6 25 25 25 25 27 27
 25 17 17 19 14 17 17 14 19 19
 25 17 17 14 19 17 25 17 14 19
 25 17 14 19 17 25 17 14 19 6
 25 17 14 19 17 25 17 14 19 17
 25 17 14 19 17 25 17 14 19 19
 25 17 14 19 17 25 17 14 19 14
 25 17 14 19 17 25 17 14 14 19
 25 17 14 19 17 25 17 17 25 17
 25 17 14 19 17 25 17 17 25 25
 25 17 14 19 17 25 17 17 17 17
 25 17 14 19 17 25 17 17 17 14
 25 17 14 19 17 25 17 17 6 25
 25 17 14 19 17 25 17 19 14 17
 25 17 14 19 17 25 17 19 14 19
 25 17 14 19 17 25 17 19 17 25
 25 17 14 19 17 25 17 19 17 17
 25 17 14 19 17 25 17 25 17 25
 25 17 14 19 17 25 17 25 17 14
 25 17 14 19 17 25 17 25 17 17
 25 17 14 19 17 25 17 25 17 19
 25 17 14 19 17 25 17 25 25 17
 25 17 14 19 17 25 17 25 25 25
 25 17 14 19 17 25 25 25 17 14
 25 17 14 19 17 25 25 25 17 19
 25 17 14 19 17 25 25 25 17 17
 25 17 14 19 17 25 25 17 25 17
 25 17 14 19 17 25 25 17 17 25
 25 17 14 19 17 25 25 17 17 17
 25 17 14 19 17 25 25 17 14 19
 25 17 14 19 17 25 25 17 14 14
 25 17 14 19 17 25 25 17 14 17
 25 17 14 19 17 25 25 17 19 14
 25 17 14 19 17 25 25 17 19 17
 25 17 14 19 17 17 25 17 14 19
 25 17 14 19 17 17 25 17 17 25
 25 17 14 19 17 17 25 17 17 17
 25 17 14 19 17 17 14 19 17 17
 25 17 14 19 17 17 14 19 17 25
 25 17 14 19 17 17 14 19 19 14
 25 17 14 19 17 17 14 19 19 19
 25 17 14 19 17 17 14 19 14 19
 25 17 14 19 17 17 17 17 17 25
 25 17 14 19 17 17 17 17 17 19
 25 17 14 19 17 17 17 17 17 17
 25 17 14 19 17 17 17 17 17 14
 25 17 14 19 17 17 17 17 14 19
 25 17 14 19 17 17 17 17 25 25
 25 17 14 19 17 17 17 17 19 14
 25 17 14 19 17 17 17 25 17 17
 25 17 14 19 17 17 17 25 17 14
 25 17 14 19 17 17 17 25 17 19
 25 17 14 19 17 17 17 14 19 17
 25 17 14 19 17 17 17 14 19 14
 25 17 14 19 17 17 17 14 19 19
 25 17 14 19 17 17 17 19 14 17
 25 17 14 19 17 17 19 14 17 17
 25 17 14 19 17 17 19 14 17 25
 25 17 14 19 17 6 25 25 25 25
 25 17 14 19 6 14 19 17 25 17
 25 17 14 19 14 19 14 19 17 17
 25 17 14 19 14 19 17 17 17 17
 25 17 14 19 14 19 17 17 17 14
 25 17 14 19 14 19 17 17 17 25
 25 17 14 19 14 19 17 17 17 19
 25 17 14 19 14 19 17 17 14 19
 25 17 14 19 14 19 17 17 19 14
 25 17 14 19 14 19 17 25 17 17
 25 17 14 19 14 19 17 25 17 25
 25 17 14 19 14 19 17 25 17 14
 25 17 14 19 14 19 17 25 17 19
 25 17 14 19 14 19 17 25 25 17
 25 17 14 19 14 19 17 25 25 25
 25 17 14 19 14 17 25 25 17 25
 25 17 14 19 14 17 25 25 17 14
 25 17 14 19 14 17 25 17 14 19
 25 17 14 19 14 17 25 17 19 14
 25 17 14 19 14 17 25 17 19 17
 25 17 14 19 14 17 17 14 19 19
 25 17 14 19 19 14 17 25 25 17
 25 17 14 19 19 14 17 25 17 14
 25 17 14 19 19 14 17 25 17 17
 25 17 14 19 19 14 17 25 17 25
 25 17 14 19 19 14 17 17 14 19
 25 17 14 19 19 14 17 17 19 14
 25 17 14 19 19 14 17 17 17 17
 25 17 14 19 19 14 17 17 17 14
 25 17 14 19 19 19 14 14 17 25
 25 17 14 14 19 17 25 25 17 25
 25 17 14 14 19 17 25 25 17 17
 25 17 14 14 19 17 25 25 17 14
 25 17 14 14 19 17 25 25 17 19
 25 17 14 14 19 17 25 25 25 17
 25 17 14 14 19 17 25 17 14 19
 25 17 14 14 19 17 25 17 17 17
 25 17 14 14 19 17 25 17 17 25
 25 17 14 14 19 17 25 17 25 17
 25 17 14 14 19 17 25 17 19 17
 25 17 14 14 19 17 25 17 19 14
 25 17 14 14 19 17 17 14 19 17
 25 17 14 14 17 17 17 17 17 25
 25 17 14 14 14 19 17 17 14 19
 25 17 14 14 14 19 14 19 17 25
 25 17 14 17 25 25 25 17 14 14
 25 17 14 17 25 17 14 19 17 25
 25 17 25 25 17 25 17 14 19 14
 25 17 25 25 17 25 17 17 25 25
 25 17 25 25 17 25 17 17 25 17
 25 17 25 25 17 25 25 17 17 17
 25 17 25 25 17 25 25 17 17 25
 25 17 25 25 17 25 25 17 25 17
 25 17 25 25 17 25 25 25 17 17
 25 17 25 25 17 25 25 25 17 25
 25 17 25 25 17 14 19 17 25 25
 25 17 25 25 17 14 19 17 25 17
 25 17 25 25 17 14 19 17 17 14
 25 17 25 25 17 14 19 17 17 17
 25 17 25 25 17 14 19 14 19 17
 25 17 25 25 17 14 14 19 17 25
 25 17 25 25 17 19 14 17 25 17
 25 17 25 25 17 19 14 17 25 25
 25 17 25 25 17 17 17 25 17 25
 25 17 25 25 17 17 17 25 17 17
 25 17 25 25 17 17 17 14 19 17
 25 17 25 25 17 17 25 17 17 25
 25 17 25 25 17 17 25 17 14 19
 25 17 25 25 25 17 25 17 14 19
 25 17 25 25 25 17 25 17 17 17
 25 17 25 25 25 17 17 25 17 17
 25 17 25 25 25 17 17 25 17 14
 25 17 25 25 25 17 14 19 19 14
 25 17 25 25 25 17 14 19 14 19
 25 17 25 25 25 17 14 19 17 25
 25 17 25 25 25 17 14 19 17 17
 25 17 25 25 25 17 14 14 14 19
 25 17 25 25 25 25 25 25 25 25
 25 17 25 25 25 25 25 17 17 25
 25 17 25 17 14 19 14 19 14 19
 25 17 25 17 14 19 14 19 17 17
 25 17 25 17 14 19 14 17 25 25
 25 17 25 17 14 19 17 25 25 25
 25 17 25 17 14 19 17 25 25 17
 25 17 25 17 14 19 17 25 17 25
 25 17 25 17 14 19 17 25 17 17
 25 17 25 17 14 19 17 25 17 14
 25 17 25 17 14 19 17 25 17 19
 25 17 25 17 14 19 17 17 14 19
 25 17 25 17 14 19 17 17 17 17
 25 17 25 17 14 19 17 6 25 25
 25 17 25 17 14 14 19 17 25 25
 25 17 25 17 25 17 14 19 17 25
 25 17 25 17 25 17 14 19 17 17
 25 17 25 17 25 17 19 14 17 25
 25 17 25 17 25 17 17 25 17 17
 25 17 25 17 25 17 17 25 17 25
 25 17 25 17 25 17 25 17 25 17
 25 17 25 17 25 17 25 17 14 19
 25 17 25 17 25 25 17 17 17 25
 25 17 25 17 25 25 17 17 25 17
 25 17 25 17 25 25 17 14 19 14
 25 17 25 17 19 14 17 25 25 17
 25 17 25 17 19 14 17 25 25 25
 25 17 25 17 19 14 17 25 17 25
 25 17 25 17 19 14 17 25 17 14
 25 17 25 17 19 14 17 25 17 19
 25 17 25 17 19 14 17 25 17 17
 25 17 25 17 19 14 17 17 14 19
 25 17 25 17 19 17 25 25 25 17
 25 17 25 17 19 17 25 17 14 19
 25 17 25 17 17 25 17 14 19 17
 25 17 25 17 17 25 17 14 19 14
 25 17 25 17 17 25 17 19 14 17
 25 17 25 17 17 25 17 17 25 17
 25 17 25 17 17 25 17 17 25 25
 25 17 25 17 17 25 17 17 17 25
 25 17 25 17 17 25 17 17 17 17
 25 17 25 17 17 25 17 17 17 14
 25 17 25 17 17 25 17 25 17 25
 25 17 25 17 17 25 17 25 17 17
 25 17 25 17 17 25 17 25 25 17
 25 17 25 17 17 25 25 17 17 25
 25 17 25 17 17 25 25 17 25 17
 25 17 25 17 17 25 25 17 14 19
 25 17 25 17 17 25 25 25 25 25
 25 17 25 17 17 17 17 17 25 17
 25 17 25 17 17 17 17 17 17 25
 25 17 25 17 17 17 17 17 17 17
 25 17 25 17 17 17 17 25 17 17
 25 17 25 17 17 17 25 17 17 25
 25 17 25 17 17 17 25 17 17 17
 25 17 25 17 17 17 19 14 17 17
 25 17 19 14 17 25 17 17 25 17
 25 17 19 14 17 25 17 17 25 25
 25 17 19 14 17 25 17 17 17 17
 25 17 19 14 17 25 17 17 14 19
 25 17 19 14 17 25 17 19 14 17
 25 17 19 14 17 25 17 19 14 14
 25 17 19 14 17 25 17 19 17 25
 25 17 19 14 17 25 17 14 19 17
 25 17 19 14 17 25 17 14 19 14
 25 17 19 14 17 25 17 14 14 19
 25 17 19 14 17 25 17 25 25 17
 25 17 19 14 17 25 17 25 17 17
 25 17 19 14 17 25 17 25 17 25
 25 17 19 14 17 25 17 25 17 14
 25 17 19 14 17 25 17 25 17 19
 25 17 19 14 17 25 25 25 17 14
 25 17 19 14 17 25 25 25 17 17
 25 17 19 14 17 25 25 17 25 17
 25 17 19 14 17 25 25 17 14 19
 25 17 19 14 17 25 25 17 17 25
 25 17 19 14 17 25 25 17 19 14
 25 17 19 14 17 17 19 14 17 17
 25 17 19 14 17 17 14 19 17 25
 25 17 19 14 17 17 14 19 17 17
 25 17 19 14 17 17 17 17 17 25
 25 17 19 14 17 17 17 25 17 25
 25 17 19 14 17 17 17 25 17 17
 25 17 19 14 17 17 25 25 25 17
 25 17 19 14 17 17 25 17 17 25
 25 17 19 14 14 17 25 17 14 19
 25 17 19 14 14 17 25 17 19 17
 25 17 19 14 14 17 25 17 19 14
 25 17 19 14 14 17 25 17 25 17
 25 17 19 14 14 17 25 25 17 14
 25 17 19 14 14 19 17 17 17 17
 25 17 19 14 14 19 14 19 14 19
 25 17 19 14 19 14 17 25 17 17
 25 17 19 17 25 25 25 17 14 14
 25 17 19 17 25 25 17 25 17 14
 25 17 19 17 25 25 17 14 19 14
 25 17 19 17 25 17 14 14 19 17
 25 17 19 17 25 17 14 19 17 25
 25 17 19 17 25 17 14 19 14 17
 25 17 19 17 25 17 19 14 14 17
 25 17 19 17 25 17 19 14 17 25
 25 17 19 17 25 17 25 17 14 14
 25 17 19 17 17 14 17 25 25 17
 25 17 19 17 17 14 17 17 17 17
 25 17 19 19 14 14 17 25 25 17
 25 25 17 25 17 14 19 14 19 14
 25 25 17 25 17 14 19 14 19 17
 25 25 17 25 17 14 19 14 17 25
 25 25 17 25 17 14 19 17 25 25
 25 25 17 25 17 14 19 17 25 17
 25 25 17 25 17 14 19 17 17 14
 25 25 17 25 17 14 19 17 17 17
 25 25 17 25 17 19 14 17 25 25
 25 25 17 25 17 19 14 17 25 17
 25 25 17 25 17 19 17 25 25 25
 25 25 17 25 17 17 25 17 14 19
 25 25 17 25 17 17 25 17 17 25
 25 25 17 25 17 17 25 17 25 17
 25 25 17 25 17 17 25 25 17 17
 25 25 17 25 17 17 17 25 17 17
 25 25 17 25 17 17 17 17 17 17
 25 25 17 25 17 25 17 17 25 17
 25 25 17 25 17 25 17 25 17 25
 25 25 17 25 25 17 25 25 17 17
 25 25 17 25 25 17 25 17 17 25
 25 25 17 25 25 17 17 17 25 17
 25 25 17 25 25 17 17 17 14 19
 25 25 17 25 25 17 17 25 17 14
 25 25 17 25 25 17 14 19 17 25
 25 25 17 25 25 17 14 19 17 17
 25 25 17 25 25 25 25 25 25 25
 25 25 17 25 25 25 25 25 17 17
 25 25 17 25 25 25 17 17 25 17
 25 25 17 25 25 25 17 25 17 17
 25 25 17 14 19 17 17 14 19 17
 25 25 17 14 19 17 17 14 19 19
 25 25 17 14 19 17 17 14 19 14
 25 25 17 14 19 17 17 17 17 14
 25 25 17 14 19 17 17 17 17 17
 25 25 17 14 19 17 17 17 14 19
 25 25 17 14 19 17 17 19 14 17
 25 25 17 14 19 17 25 17 17 25
 25 25 17 14 19 17 25 17 17 17
 25 25 17 14 19 17 25 17 25 17
 25 25 17 14 19 17 25 17 25 25
 25 25 17 14 19 17 25 17 14 19
 25 25 17 14 19 17 25 17 19 14
 25 25 17 14 19 17 25 17 19 17
 25 25 17 14 19 17 25 25 25 17
 25 25 17 14 19 17 25 25 17 25
 25 25 17 14 19 17 25 25 17 17
 25 25 17 14 19 17 25 25 17 14
 25 25 17 14 19 17 25 25 17 19
 25 25 17 14 19 14 19 17 17 14
 25 25 17 14 19 14 19 17 17 17
 25 25 17 14 19 14 19 17 25 17
 25 25 17 14 19 14 19 14 19 17
 25 25 17 14 19 14 17 17 14 19
 25 25 17 14 19 19 14 17 17 14
 25 25 17 14 19 19 19 14 14 17
 25 25 17 14 14 19 17 25 25 17
 25 25 17 14 14 19 17 25 25 25
 25 25 17 14 14 19 17 25 17 14
 25 25 17 14 14 19 17 25 17 17
 25 25 17 14 14 19 17 17 14 19
 25 25 17 14 14 14 19 17 17 14
 25 25 17 14 14 14 19 14 19 17
 25 25 17 14 17 25 17 14 19 17
 25 25 17 17 25 17 14 19 17 25
 25 25 17 17 25 17 14 19 17 17
 25 25 17 17 25 17 14 19 14 19
 25 25 17 17 25 17 14 19 19 14
 25 25 17 17 25 17 19 14 17 25
 25 25 17 17 25 17 19 17 25 25
 25 25 17 17 25 17 19 19 14 14
 25 25 17 17 25 17 17 25 17 25
 25 25 17 17 25 17 17 25 17 17
 25 25 17 17 25 17 17 25 17 14
 25 25 17 17 25 17 17 17 25 17
 25 25 17 17 25 17 17 17 25 25
 25 25 17 17 25 17 17 17 17 17
 25 25 17 17 25 17 17 17 17 25
 25 25 17 17 25 17 25 25 17 17
 25 25 17 17 25 17 25 17 17 25
 25 25 17 17 25 25 25 25 25 17
 25 25 17 17 25 25 25 25 25 25
 25 25 17 17 25 25 17 17 25 17
 25 25 17 17 17 17 17 17 25 17
 25 25 17 17 17 17 17 17 25 25
 25 25 17 17 17 17 17 25 25 17
 25 25 17 17 17 17 17 25 17 17
 25 25 17 17 17 17 25 17 17 25
 25 25 17 17 17 17 25 17 17 17
 25 25 17 17 17 17 25 25 17 17
 25 25 17 17 17 25 17 25 17 17
 25 25 17 17 17 25 17 17 25 17
 25 25 17 17 17 25 17 17 17 25
 25 25 17 17 17 25 17 17 17 17
 25 25 17 17 17 14 19 17 17 19
 25 25 17 17 17 14 19 17 25 17
 25 25 17 19 17 25 25 25 17 14
 25 25 17 19 17 25 17 14 19 17
 25 25 17 19 17 25 17 14 19 14
 25 25 17 19 14 17 25 17 25 25
 25 25 17 19 14 17 25 17 25 17
 25 25 17 19 14 17 25 17 19 14
 25 25 17 19 14 17 25 17 17 25
 25 25 17 19 14 17 25 17 17 14
 25 25 17 19 14 17 25 17 14 19
 25 25 17 19 14 17 25 25 17 25
 25 25 17 19 14 17 25 25 25 17
 25 25 17 19 14 17 17 19 14 17
 25 25 25 17 14 19 17 25 17 17
 25 25 25 17 14 19 17 25 17 25
 25 25 25 17 14 19 17 25 17 14
 25 25 25 17 14 19 17 25 25 25
 25 25 25 17 14 19 17 25 25 17
 25 25 25 17 14 19 17 17 14 19
 25 25 25 17 14 19 17 17 17 17
 25 25 25 17 14 19 17 17 19 14
 25 25 25 17 14 19 14 19 17 17
 25 25 25 17 14 19 14 19 14 19
 25 25 25 17 14 19 19 14 17 17
 25 25 25 17 14 19 19 19 14 14
 25 25 25 17 14 14 19 17 25 25
 25 25 25 17 14 14 19 17 25 17
 25 25 25 17 14 14 19 17 17 14
 25 25 25 17 14 14 14 19 17 17
 25 25 25 17 14 14 14 19 14 19
 25 25 25 17 19 17 25 25 25 17
 25 25 25 17 19 14 17 25 17 17
 25 25 25 17 25 17 14 19 17 17
 25 25 25 17 25 17 14 19 17 25
 25 25 25 17 25 17 14 19 14 19
 25 25 25 17 25 17 17 17 17 17
 25 25 25 17 25 17 25 17 25 17
 25 25 25 17 25 25 25 25 25 25
 25 25 25 17 25 25 25 25 25 17
 25 25 25 17 25 25 17 17 17 25
 25 25 25 17 17 25 17 14 19 14
 25 25 25 17 17 25 17 14 19 17
 25 25 25 17 17 25 17 14 19 19
 25 25 25 17 17 25 17 17 25 17
 25 25 25 17 17 25 17 17 17 17
 25 25 25 17 17 25 17 19 19 14
 25 25 25 17 17 25 25 25 25 25
 25 25 25 17 17 17 17 17 17 25
 25 25 25 25 27 27 27 27 27 27
 25 25 25 25 17 14 19 17 25 17
 25 25 25 25 17 14 19 17 17 14
 25 25 25 25 17 14 19 17 17 17
 25 25 25 25 17 14 19 17 17 19
 25 25 25 25 17 14 14 14 19 17
 25 25 25 25 17 25 25 25 25 25
 25 25 25 25 17 25 17 14 19 17
 25 25 25 25 17 25 17 25 17 25
 25 25 25 25 17 17 25 25 25 25
 25 25 25 25 17 17 25 17 14 19
 25 25 25 25 25 25 25 25 25 25
 25 25 25 25 25 25 25 25 25 17
 25 25 25 25 25 25 25 25 17 25
 25 25 25 25 25 25 25 25 17 14
 25 25 25 25 25 25 25 17 25 25
 25 25 25 25 25 25 25 17 14 19
 25 25 25 25 25 25 17 25 25 25
 25 25 25 25 25 25 17 14 19 17
 25 25 25 25 25 17 25 25 25 25
 25 25 25 25 25 17 25 17 14 19
 25 25 25 25 25 17 17 25 25 25
 25 25 25 25 25 17 14 19 17 25
 25 25 25 25 25 17 14 19 17 17
 25 25 25 27 27 27 27 27 27 27
 25 25 27 27 27 27 27 27 27 27
 25 27 27 27 27 27 27 27 27 27
 6 14 19 17 25 17 14 19 17 17
 6 14 19 17 25 17 14 19 17 25
 6 25 25 25 25 27 27 27 27 27
 12 12 25 17 17 17 17 17 17 25
 12 12 25 17 17 17 17 25 17 17
 12 25 17 17 17 17 17 17 25 17
 12 25 17 17 17 17 25 17 17 17
