 2 12 13 21 13 21
 2 13 13 21 13 21
 2 13 14 9 12 12
 2 13 14 6 19 19
 12 13 21 13 21 13
 12 13 9 12 14 14
 12 12 6 2 13 13
 12 12 6 13 13 13
 12 12 6 13 9 12
 12 12 6 12 12 13
 12 12 12 6 13 13
 12 12 13 9 12 14
 12 6 2 13 13 21
 12 6 2 13 14 9
 12 6 13 13 13 13
 12 6 13 9 12 6
 12 6 12 12 13 9
 12 6 7 6 7 6
 12 14 14 6 13 9
 12 14 14 6 13 14
 12 14 14 6 13 13
 12 9 6 6 13 13
 13 21 13 21 13 21
 13 21 13 21 13 14
 13 21 13 21 13 13
 13 21 13 14 9 12
 13 21 13 13 13 13
 13 14 9 12 12 6
 13 14 9 12 12 12
 13 14 6 13 9 14
 13 14 6 3 11 13
 13 14 6 21 13 9
 13 14 6 19 19 17
 13 13 21 13 21 13
 13 13 13 13 13 13
 13 13 13 13 13 9
 13 13 13 13 13 2
 13 13 13 13 9 12
 13 13 13 13 2 13
 13 13 13 9 12 6
 13 13 13 2 13 14
 13 13 9 12 6 2
 13 13 2 13 14 9
 13 13 14 6 3 11
 13 9 12 6 2 13
 13 9 12 6 7 6
 13 9 12 14 14 6
 13 9 12 9 6 6
 13 9 14 6 7 6
 13 9 14 6 21 21
 13 9 14 6 21 6
 13 2 13 14 9 12
 13 6 17 14 14 18
 21 13 21 13 21 13
 21 13 21 13 14 9
 21 13 21 13 13 13
 21 13 14 9 12 12
 21 13 13 13 13 13
 21 13 9 14 6 21
 21 21 13 9 14 6
 21 6 25 6 5 25
 21 25 25 5 6 6
 14 9 12 12 6 2
 14 9 12 12 6 13
 14 9 12 12 6 12
 14 9 12 12 12 6
 14 14 6 13 9 12
 14 14 6 13 14 6
 14 14 6 13 13 13
 14 14 18 14 18 14
 14 14 17 14 18 14
 14 6 13 9 12 14
 14 6 13 9 14 6
 14 6 13 14 6 13
 14 6 13 13 13 13
 14 6 7 6 7 6
 14 6 3 11 13 14
 14 6 21 13 9 14
 14 6 21 21 13 9
 14 6 21 6 25 6
 14 6 19 19 17 17
 14 18 14 18 14 18
 14 18 14 18 14 17
 14 18 14 18 14 2
 14 18 14 17 17 2
 14 18 14 2 13 14
 14 17 17 2 13 14
 14 17 14 18 14 18
 14 2 13 14 6 19
 9 12 12 6 2 13
 9 12 12 6 13 13
 9 12 12 6 13 9
 9 12 12 6 12 12
 9 12 12 12 6 13
 9 12 6 2 13 14
 9 12 6 7 6 7
 9 12 14 14 6 13
 9 12 9 6 6 13
 9 14 6 7 6 7
 9 14 6 21 21 13
 9 14 6 21 6 25
 9 6 6 13 13 14
 6 2 13 13 21 13
 6 2 13 14 9 12
 6 13 13 13 13 13
 6 13 13 14 6 3
 6 13 9 12 14 14
 6 13 9 12 6 7
 6 13 9 12 9 6
 6 13 9 14 6 7
 6 13 14 6 13 9
 6 12 12 13 9 12
 6 7 6 7 6 13
 6 7 6 13 9 12
 6 6 13 13 14 6
 6 6 14 14 17 14
 6 6 24 24 17 17
 6 6 5 25 25 24
 6 3 11 13 14 6
 6 21 13 9 14 6
 6 21 21 13 9 14
 6 21 6 25 6 5
 6 25 6 5 25 27
 6 5 25 27 27 27
 6 5 25 25 24 24
 6 17 14 14 18 14
 6 19 19 17 17 19
 6 19 19 17 17 17
 6 19 19 17 17 25
 6 14 14 17 14 18
 6 24 24 17 17 19
 7 6 7 6 13 9
 7 6 13 9 12 14
 7 6 13 9 12 9
 3 11 13 14 6 21
 11 13 14 6 21 13
 25 6 5 25 27 27
 25 27 27 27 27 27
 25 25 5 6 6 14
 25 25 19 19 19 19
 25 25 24 24 27 27
 25 5 6 6 14 14
 25 19 19 19 19 6
 25 24 24 27 27 27
 5 25 27 27 27 27
 5 25 25 24 24 27
 5 6 6 14 14 17
 17 14 14 18 14 18
 17 14 18 14 18 14
 17 17 2 13 14 6
 17 17 19 17 14 18
 17 17 19 17 17 19
 17 17 19 27 27 27
 17 17 17 17 17 17
 17 17 17 17 17 21
 17 17 17 17 21 25
 17 17 17 21 25 25
 17 17 21 25 25 5
 17 17 25 25 19 19
 17 2 13 14 6 19
 17 19 17 14 18 14
 17 19 17 17 19 17
 17 19 17 17 19 27
 17 19 27 27 27 27
 17 21 25 25 5 6
 17 25 25 19 19 19
 18 14 18 14 18 14
 18 14 18 14 17 17
 18 14 18 14 2 13
 18 14 17 17 2 13
 18 14 2 13 14 6
 19 19 17 17 19 17
 19 19 17 17 17 17
 19 19 17 17 25 25
 19 19 19 19 6 6
 19 19 19 6 6 24
 19 19 6 6 24 24
 19 17 17 19 17 14
 19 17 17 19 17 17
 19 17 17 19 27 27
 19 17 17 17 17 17
 19 17 17 25 25 19
 19 17 14 18 14 18
 19 6 6 24 24 17
 19 27 27 27 27 27
 24 24 17 17 19 17
 24 24 27 27 27 27
 24 17 17 19 17 17
 24 27 27 27 27 27
 8 27 27 27 27 27
