 2 12 13 21 13 21
 2 13 13 21 13 21
 2 13 14 9 12 12
 2 13 9 12 14 14
 12 13 21 13 21 13
 12 12 6 2 13 13
 12 12 6 13 13 13
 12 12 6 13 9 12
 12 12 6 12 7 2
 12 12 12 6 13 13
 12 12 12 6 12 7
 12 12 12 12 6 13
 12 6 2 13 13 21
 12 6 2 13 14 9
 12 6 13 13 13 13
 12 6 13 9 12 6
 12 6 12 7 2 13
 12 6 26 15 15 15
 12 7 2 13 9 12
 12 14 14 6 26 15
 12 14 14 6 13 13
 12 25 6 25 6 25
 13 21 13 21 13 21
 13 21 13 21 13 14
 13 21 13 21 13 13
 13 21 13 14 9 12
 13 21 13 13 13 13
 13 14 9 12 12 6
 13 14 9 12 12 12
 13 13 21 13 21 13
 13 13 13 13 13 13
 13 13 13 13 13 9
 13 13 13 13 13 2
 13 13 13 13 9 12
 13 13 13 13 2 13
 13 13 13 9 12 6
 13 13 13 2 13 14
 13 13 9 12 6 2
 13 13 2 13 14 9
 13 9 12 6 2 13
 13 9 12 6 26 15
 13 9 12 14 14 6
 13 9 12 25 6 25
 13 2 13 14 9 12
 13 6 6 5 6 6
 13 5 24 27 27 27
 21 13 21 13 21 13
 21 13 21 13 14 9
 21 13 21 13 13 13
 21 13 14 9 12 12
 21 13 13 13 13 13
 14 9 12 12 6 2
 14 9 12 12 6 13
 14 9 12 12 12 6
 14 9 12 12 12 12
 14 14 6 26 15 15
 14 14 6 13 13 13
 14 14 6 14 14 6
 14 6 26 15 15 26
 14 6 26 15 15 15
 14 6 13 13 13 13
 14 6 14 14 6 26
 14 7 2 13 9 12
 9 12 12 6 2 13
 9 12 12 6 13 13
 9 12 12 6 13 9
 9 12 12 12 6 13
 9 12 12 12 6 12
 9 12 12 12 12 6
 9 12 6 2 13 14
 9 12 6 26 15 15
 9 12 14 14 6 26
 9 12 14 14 6 13
 9 12 25 6 25 6
 6 2 13 13 21 13
 6 2 13 14 9 12
 6 13 13 13 13 13
 6 13 9 12 14 14
 6 13 9 12 6 26
 6 13 5 24 27 27
 6 12 7 2 13 9
 6 26 15 15 26 15
 6 26 15 15 15 26
 6 7 6 13 9 12
 6 6 6 24 14 14
 6 6 6 6 6 13
 6 6 6 6 13 5
 6 6 6 6 8 27
 6 6 6 13 5 24
 6 6 6 8 27 27
 6 6 24 14 14 6
 6 6 27 27 27 27
 6 6 5 6 6 6
 6 6 13 5 24 27
 6 6 8 27 27 27
 6 24 14 14 6 14
 6 14 14 6 26 15
 6 25 6 25 25 25
 6 25 25 25 6 6
 6 27 27 27 27 27
 6 5 6 6 6 6
 6 8 27 27 27 27
 7 2 13 9 12 14
 7 6 7 6 13 9
 7 6 13 9 12 14
 26 15 15 26 15 26
 26 15 15 26 15 15
 26 15 15 15 26 15
 26 15 15 15 7 6
 26 15 15 15 5 6
 26 15 15 15 15 27
 26 15 15 15 25 25
 26 15 26 15 15 26
 26 15 13 9 12 25
 15 15 26 15 26 15
 15 15 26 15 15 26
 15 15 26 15 15 15
 15 15 26 15 13 9
 15 15 15 26 15 15
 15 15 15 26 15 13
 15 15 15 26 15 26
 15 15 15 7 6 7
 15 15 15 5 6 6
 15 15 15 15 27 27
 15 15 15 27 27 27
 15 15 15 25 25 25
 15 15 7 6 7 6
 15 15 5 6 6 6
 15 15 27 27 27 27
 15 15 25 25 25 6
 15 26 15 26 15 15
 15 26 15 15 26 15
 15 26 15 15 15 26
 15 26 15 15 15 7
 15 26 15 15 15 5
 15 26 15 15 15 15
 15 26 15 15 15 25
 15 26 15 13 9 12
 15 7 6 7 6 13
 15 5 6 6 6 24
 15 13 9 12 25 6
 15 27 27 27 27 27
 15 25 25 25 6 6
 5 6 6 6 24 14
 5 6 6 6 6 6
 5 24 27 27 27 27
 24 14 14 6 14 14
 24 27 27 27 27 27
 25 6 25 6 25 25
 25 6 25 25 25 6
 25 6 6 27 27 27
 25 25 25 6 6 27
 25 25 6 6 27 27
 8 27 27 27 27 27
