 13 9 14 6 5 6
 13 6 6 6 8 8
 9 14 6 5 6 6
 14 6 5 6 6 6
 14 6 14 14 6 14
 14 6 14 6 24 7
 14 6 24 7 19 18
 14 14 6 14 6 24
 14 14 25 25 14 14
 14 14 25 14 27 27
 14 14 14 25 14 27
 14 25 25 14 14 14
 14 25 14 27 27 27
 14 27 27 27 27 27
 6 5 6 6 6 14
 6 6 6 14 6 14
 6 6 6 6 13 6
 6 6 6 13 6 6
 6 6 6 8 8 8
 6 6 14 6 14 14
 6 6 13 6 6 6
 6 6 8 8 8 8
 6 14 6 14 14 6
 6 14 6 24 7 19
 6 14 14 6 14 6
 6 24 7 19 18 15
 6 13 6 6 6 8
 6 8 8 8 8 27
 5 6 6 6 14 6
 5 25 25 14 14 25
 24 7 19 18 15 18
 7 19 18 15 18 15
 19 18 15 18 15 18
 18 15 18 15 18 15
 18 15 18 15 18 25
 18 15 18 25 12 5
 18 25 12 5 25 25
 15 18 15 18 15 18
 15 18 15 18 25 12
 15 18 25 12 5 25
 25 12 5 25 25 14
 25 25 14 14 25 25
 25 25 14 14 14 25
 25 14 14 25 25 14
 25 14 14 14 25 14
 25 14 27 27 27 27
 12 5 25 25 14 14
 8 8 8 8 27 27
 8 8 8 27 27 27
 8 8 27 27 27 27
 8 27 27 27 27 27
