 6 3 20 17 17 17
 6 13 9 12 14 14
 6 13 9 9 12 14
 6 13 13 13 13 13
 6 2 13 14 9 12
 6 21 13 9 12 14
 6 21 7 18 16 6
 6 7 18 16 6 13
 6 7 7 7 6 25
 6 7 7 7 6 3
 6 7 7 7 7 7
 6 25 25 3 20 17
 6 25 25 27 27 27
 6 25 25 25 25 25
 6 25 3 20 17 17
 6 27 27 27 27 27
 3 20 17 17 17 6
 20 17 17 17 6 13
 20 17 17 17 6 21
 17 17 17 6 13 9
 17 17 17 6 21 13
 17 17 6 13 9 12
 17 17 6 21 13 9
 17 6 13 9 12 14
 17 6 21 13 9 12
 13 9 12 14 14 6
 13 9 12 6 2 13
 13 9 9 12 14 14
 13 13 13 13 13 13
 13 13 13 13 13 9
 13 13 13 13 9 12
 13 13 13 9 12 6
 13 13 9 12 6 2
 13 14 9 12 12 6
 9 12 14 14 6 13
 9 12 14 14 6 7
 9 12 14 14 6 21
 9 12 6 2 13 14
 9 12 12 6 13 13
 9 12 12 6 21 13
 9 9 12 14 14 6
 12 14 14 6 13 9
 12 14 14 6 13 13
 12 14 14 6 7 18
 12 14 14 6 7 7
 12 14 14 6 21 7
 12 6 2 13 14 9
 12 6 13 13 13 13
 12 6 21 13 9 12
 12 12 6 13 13 13
 12 12 6 21 13 9
 14 14 6 13 9 12
 14 14 6 13 13 13
 14 14 6 7 18 16
 14 14 6 7 7 7
 14 14 6 21 7 18
 14 6 13 9 12 14
 14 6 13 13 13 13
 14 6 7 18 16 6
 14 6 7 7 7 6
 14 6 21 7 18 16
 14 9 12 12 6 13
 14 9 12 12 6 21
 2 13 14 9 12 12
 21 13 9 12 14 14
 21 7 18 16 6 7
 21 7 18 16 6 25
 21 7 18 16 6 3
 7 18 16 6 13 9
 7 18 16 6 7 7
 7 18 16 6 25 3
 7 18 16 6 25 25
 7 18 16 6 3 20
 7 7 7 6 25 25
 7 7 7 6 25 3
 7 7 7 6 3 20
 7 7 7 6 27 27
 7 7 7 7 7 7
 7 7 7 7 7 6
 7 7 7 7 6 25
 7 7 7 7 6 3
 7 7 7 7 6 27
 7 7 6 25 25 3
 7 7 6 25 25 25
 7 7 6 25 3 20
 7 7 6 3 20 17
 7 7 6 27 27 27
 7 6 25 25 3 20
 7 6 25 25 25 25
 7 6 25 3 20 17
 7 6 3 20 17 17
 7 6 27 27 27 27
 18 16 6 13 9 9
 18 16 6 7 7 7
 18 16 6 25 3 20
 18 16 6 25 25 3
 18 16 6 25 25 27
 18 16 6 3 20 17
 16 6 13 9 9 12
 16 6 7 7 7 6
 16 6 7 7 7 7
 16 6 25 3 20 17
 16 6 25 25 3 20
 16 6 25 25 27 27
 16 6 3 20 17 17
 25 25 3 20 17 17
 25 25 27 27 27 27
 25 25 25 25 25 25
 25 25 25 25 25 3
 25 25 25 25 3 20
 25 25 25 3 20 17
 25 3 20 17 17 17
 25 27 27 27 27 27
