 12 12 12 5 12 5
 12 12 12 25 25 25
 12 12 5 12 5 12
 12 12 25 25 25 25
 12 5 12 5 12 5
 12 5 12 5 12 25
 12 5 12 25 25 25
 12 25 25 25 25 25
 12 6 2 13 13 13
 12 6 21 2 21 2
 5 12 5 12 5 12
 5 12 5 12 25 25
 5 12 25 25 25 25
 25 25 25 25 25 25
 25 25 25 25 25 13
 25 25 25 25 13 13
 25 25 25 13 13 13
 25 25 25 13 23 13
 25 25 13 13 13 13
 25 25 13 23 13 25
 25 13 13 13 13 13
 25 13 23 13 25 6
 25 13 25 6 6 25
 25 6 27 27 27 27
 25 6 25 23 25 13
 25 6 6 25 2 6
 25 6 12 6 21 2
 25 6 13 25 6 2
 25 6 2 25 23 27
 25 27 27 27 27 27
 25 23 25 13 25 6
 25 23 27 27 27 27
 25 2 6 13 25 6
 13 13 13 13 13 13
 13 13 13 13 13 9
 13 13 13 13 13 25
 13 13 13 13 9 12
 13 13 13 13 25 25
 13 13 13 13 25 27
 13 13 13 13 25 6
 13 13 13 9 12 6
 13 13 13 14 6 13
 13 13 13 25 25 25
 13 13 13 25 27 27
 13 13 13 25 6 25
 13 13 9 12 6 2
 13 13 14 6 13 13
 13 13 25 25 25 13
 13 13 25 27 27 27
 13 13 25 6 25 23
 13 9 12 6 2 13
 13 14 6 13 13 13
 13 25 25 25 13 23
 13 25 6 27 27 27
 13 25 6 25 23 25
 13 25 6 6 25 2
 13 25 6 12 6 21
 13 25 6 13 25 6
 13 25 6 2 25 23
 13 25 27 27 27 27
 13 23 13 25 6 27
 9 12 6 2 13 13
 6 2 13 13 13 14
 6 2 13 13 13 13
 6 2 25 23 27 27
 6 13 13 13 13 13
 6 13 25 6 12 6
 6 13 25 6 2 25
 6 27 27 27 27 27
 6 25 23 25 13 25
 6 25 2 6 13 25
 6 6 25 2 6 13
 6 12 6 21 2 21
 6 21 2 21 2 21
 2 13 13 13 14 6
 2 13 13 13 13 13
 2 13 25 6 13 25
 2 6 13 25 6 12
 2 21 2 21 2 21
 2 21 2 21 2 13
 2 21 2 13 25 6
 2 25 23 27 27 27
 14 6 13 13 13 13
 23 13 25 6 27 27
 23 25 13 25 6 6
 23 27 27 27 27 27
 21 2 21 2 21 2
 21 2 21 2 13 25
 21 2 13 25 6 13
