 2 12 13 21 13 21
 2 12 13 25 6 15
 2 12 12 12 13 9
 2 12 12 21 13 9
 2 12 5 13 9 12
 2 12 25 13 2 2
 2 12 21 13 12 6
 2 13 13 21 13 21
 2 13 13 13 14 6
 2 13 13 13 13 13
 2 13 14 9 12 12
 2 13 14 6 2 2
 2 13 14 2 2 2
 2 13 14 14 6 2
 2 13 14 14 6 12
 2 13 14 12 12 12
 2 13 9 12 14 14
 2 13 9 12 14 6
 2 13 9 12 9 14
 2 13 9 14 14 14
 2 13 21 13 21 13
 2 13 21 21 21 21
 2 13 25 6 2 13
 2 13 25 6 2 21
 2 13 25 6 13 25
 2 13 25 6 21 13
 2 13 25 6 26 13
 2 13 25 6 26 15
 2 13 25 6 15 14
 2 13 25 6 25 21
 2 13 25 6 25 15
 2 13 6 13 25 2
 2 13 6 13 25 6
 2 13 6 2 13 6
 2 2 13 14 6 2
 2 2 13 14 2 2
 2 2 13 14 14 6
 2 2 13 21 21 21
 2 2 13 9 12 14
 2 2 13 25 6 2
 2 2 13 25 6 13
 2 2 13 6 13 25
 2 2 21 13 9 12
 2 2 21 13 14 9
 2 2 21 21 13 9
 2 2 21 21 13 13
 2 2 21 21 21 21
 2 2 21 2 21 21
 2 2 21 2 2 13
 2 2 21 2 6 2
 2 2 21 6 21 21
 2 2 21 12 12 12
 2 2 2 2 2 2
 2 2 2 2 2 13
 2 2 2 2 2 21
 2 2 2 2 2 26
 2 2 2 2 2 6
 2 2 2 2 13 14
 2 2 2 2 13 9
 2 2 2 2 13 25
 2 2 2 2 21 13
 2 2 2 2 21 21
 2 2 2 2 26 15
 2 2 2 2 6 21
 2 2 2 13 14 2
 2 2 2 13 14 14
 2 2 2 13 21 21
 2 2 2 13 9 12
 2 2 2 13 25 6
 2 2 2 21 13 14
 2 2 2 21 6 21
 2 2 2 21 2 21
 2 2 2 21 21 13
 2 2 2 21 21 21
 2 2 2 26 15 15
 2 2 2 6 21 21
 2 2 14 6 2 2
 2 2 14 6 2 21
 2 2 26 15 15 15
 2 2 26 15 15 26
 2 2 25 12 5 25
 2 2 25 21 2 21
 2 2 12 12 21 13
 2 2 6 21 21 21
 2 21 13 9 12 14
 2 21 13 9 9 21
 2 21 13 14 9 12
 2 21 13 14 2 21
 2 21 13 14 2 2
 2 21 13 14 2 14
 2 21 13 14 14 6
 2 21 13 14 14 14
 2 21 13 14 6 6
 2 21 13 10 12 6
 2 21 13 21 14 2
 2 21 13 21 14 21
 2 21 13 21 21 21
 2 21 13 13 6 13
 2 21 13 12 6 12
 2 21 2 21 2 21
 2 21 2 21 13 10
 2 21 2 21 13 14
 2 21 2 21 4 21
 2 21 2 21 21 13
 2 21 2 21 21 21
 2 21 2 2 13 6
 2 21 2 6 2 2
 2 21 2 13 14 9
 2 21 21 13 9 12
 2 21 21 13 9 14
 2 21 21 13 9 9
 2 21 21 13 21 13
 2 21 21 13 13 13
 2 21 21 21 21 21
 2 21 21 2 13 9
 2 21 21 2 2 2
 2 21 21 19 17 25
 2 21 4 21 13 21
 2 21 6 21 21 2
 2 21 6 21 21 12
 2 21 12 12 12 21
 2 7 6 7 6 13
 2 14 6 2 2 2
 2 14 6 2 21 13
 2 26 15 15 15 26
 2 26 15 15 26 15
 2 25 12 5 25 12
 2 25 12 13 14 9
 2 25 21 2 21 13
 2 25 14 6 24 26
 2 6 25 25 25 25
 2 6 21 21 13 21
 2 6 21 21 21 21
 2 6 2 2 2 26
 2 9 23 9 2 9
 2 9 23 9 21 13
 2 9 9 23 9 2
 2 9 9 23 9 21
 2 9 14 9 2 9
 2 9 21 21 13 9
 2 9 21 13 9 9
 2 9 2 21 21 13
 2 3 11 25 2 2
 2 15 14 13 25 6
 12 13 21 13 21 13
 12 13 21 21 21 21
 12 13 9 12 14 13
 12 13 9 12 14 6
 12 13 9 12 6 13
 12 13 9 14 13 9
 12 13 9 14 14 6
 12 13 14 6 13 9
 12 13 14 6 13 14
 12 13 14 6 12 12
 12 13 14 6 12 2
 12 13 14 6 12 13
 12 13 14 6 2 13
 12 13 14 6 2 12
 12 13 14 6 2 21
 12 13 14 6 2 15
 12 13 14 9 12 12
 12 13 25 6 2 13
 12 13 25 6 15 26
 12 13 25 6 13 25
 12 13 25 6 25 15
 12 13 25 6 26 15
 12 12 6 2 13 13
 12 12 6 2 13 25
 12 12 6 13 13 13
 12 12 6 13 14 6
 12 12 6 13 14 9
 12 12 6 13 14 14
 12 12 6 13 9 12
 12 12 6 13 9 14
 12 12 6 13 2 21
 12 12 6 13 21 13
 12 12 6 12 12 21
 12 12 6 12 12 12
 12 12 6 12 12 13
 12 12 6 12 5 21
 12 12 6 5 6 21
 12 12 6 5 12 5
 12 12 6 14 14 14
 12 12 6 14 13 13
 12 12 6 14 6 21
 12 12 6 6 6 13
 12 12 6 9 25 26
 12 12 6 21 13 21
 12 12 6 21 21 21
 12 12 6 21 2 13
 12 12 6 7 2 13
 12 12 12 6 13 13
 12 12 12 6 13 14
 12 12 12 6 13 21
 12 12 12 6 12 12
 12 12 12 6 14 6
 12 12 12 6 21 2
 12 12 12 12 6 12
 12 12 12 12 6 13
 12 12 12 12 13 9
 12 12 12 12 13 14
 12 12 12 12 13 25
 12 12 12 12 21 13
 12 12 12 12 12 12
 12 12 12 12 12 15
 12 12 12 12 12 25
 12 12 12 12 12 13
 12 12 12 12 12 26
 12 12 12 12 15 14
 12 12 12 12 25 12
 12 12 12 12 25 25
 12 12 12 12 25 15
 12 12 12 12 25 13
 12 12 12 12 26 15
 12 12 12 13 9 12
 12 12 12 13 14 6
 12 12 12 13 25 6
 12 12 12 25 2 2
 12 12 12 25 12 12
 12 12 12 25 12 25
 12 12 12 25 25 25
 12 12 12 25 25 12
 12 12 12 25 25 15
 12 12 12 25 25 26
 12 12 12 25 15 14
 12 12 12 25 13 25
 12 12 12 21 2 13
 12 12 12 21 21 21
 12 12 12 21 13 9
 12 12 12 15 14 25
 12 12 12 15 14 12
 12 12 12 15 14 13
 12 12 12 15 14 15
 12 12 12 26 15 14
 12 12 12 26 15 15
 12 12 21 2 12 12
 12 12 21 2 13 9
 12 12 21 21 13 9
 12 12 21 21 21 12
 12 12 21 21 21 21
 12 12 21 13 9 9
 12 12 13 9 12 14
 12 12 13 9 12 6
 12 12 13 9 14 13
 12 12 13 9 14 14
 12 12 13 14 6 13
 12 12 13 14 6 12
 12 12 13 14 6 2
 12 12 13 25 6 25
 12 12 13 25 6 2
 12 12 5 12 12 21
 12 12 5 15 14 25
 12 12 2 2 13 25
 12 12 25 2 2 2
 12 12 25 12 12 12
 12 12 25 12 12 25
 12 12 25 12 25 15
 12 12 25 12 25 12
 12 12 25 25 25 25
 12 12 25 25 25 15
 12 12 25 25 12 25
 12 12 25 25 12 15
 12 12 25 25 12 12
 12 12 25 25 15 14
 12 12 25 25 26 15
 12 12 25 15 14 25
 12 12 25 15 14 26
 12 12 25 15 14 15
 12 12 25 13 25 6
 12 12 26 15 15 15
 12 12 26 15 14 25
 12 12 26 15 14 26
 12 12 26 15 12 15
 12 12 26 26 26 26
 12 12 15 14 15 14
 12 12 15 14 15 15
 12 12 15 14 21 21
 12 12 15 14 25 21
 12 12 15 14 25 26
 12 12 15 14 25 12
 12 12 15 14 12 25
 12 12 15 14 12 12
 12 12 15 14 13 25
 12 12 15 15 15 15
 12 12 14 2 2 2
 12 6 2 13 13 21
 12 6 2 13 13 13
 12 6 2 13 14 9
 12 6 2 13 21 13
 12 6 2 13 25 6
 12 6 2 21 13 14
 12 6 2 2 2 13
 12 6 13 13 13 13
 12 6 13 13 13 9
 12 6 13 13 13 25
 12 6 13 13 21 13
 12 6 13 14 6 13
 12 6 13 14 6 21
 12 6 13 14 6 2
 12 6 13 14 9 12
 12 6 13 14 14 6
 12 6 13 9 12 14
 12 6 13 9 12 6
 12 6 13 9 14 6
 12 6 13 2 21 2
 12 6 13 6 13 14
 12 6 13 21 13 21
 12 6 12 12 21 2
 12 6 12 12 12 12
 12 6 12 12 13 14
 12 6 12 12 13 9
 12 6 12 5 21 21
 12 6 12 13 14 6
 12 6 5 6 21 2
 12 6 5 12 5 12
 12 6 25 5 13 13
 12 6 25 13 9 12
 12 6 14 14 14 14
 12 6 14 13 13 13
 12 6 14 6 21 21
 12 6 21 13 9 12
 12 6 21 13 9 14
 12 6 21 13 21 13
 12 6 21 13 14 9
 12 6 21 13 12 12
 12 6 21 21 21 21
 12 6 21 21 21 13
 12 6 21 6 21 6
 12 6 21 2 13 14
 12 6 6 6 13 9
 12 6 6 21 21 21
 12 6 9 25 26 15
 12 6 15 2 2 2
 12 6 15 14 15 15
 12 6 26 15 15 15
 12 6 26 26 15 14
 12 6 7 2 13 9
 12 21 2 12 12 12
 12 21 2 13 9 14
 12 21 2 2 2 2
 12 21 21 13 9 12
 12 21 21 21 12 5
 12 21 21 21 21 21
 12 21 21 21 2 2
 12 21 21 21 26 15
 12 21 21 25 25 26
 12 21 21 25 25 25
 12 21 13 9 9 21
 12 21 13 12 6 13
 12 21 12 25 25 25
 12 21 26 15 15 15
 12 14 13 14 6 13
 12 14 14 6 13 14
 12 14 14 6 13 13
 12 14 14 6 13 9
 12 14 14 6 26 15
 12 14 14 6 7 6
 12 14 14 6 2 2
 12 14 14 6 2 13
 12 14 14 6 12 5
 12 14 14 6 27 27
 12 14 14 14 14 14
 12 14 14 14 14 6
 12 14 14 14 6 2
 12 14 14 14 6 21
 12 14 14 21 21 13
 12 14 6 2 12 5
 12 14 6 2 9 14
 12 14 6 2 9 9
 12 14 6 2 2 2
 12 14 6 13 9 12
 12 14 6 12 13 14
 12 14 6 15 14 25
 12 14 6 15 14 21
 12 14 6 15 14 12
 12 14 6 15 15 2
 12 14 6 15 15 14
 12 14 6 15 15 15
 12 14 6 15 26 15
 12 14 6 26 15 15
 12 14 6 26 15 2
 12 14 6 14 21 21
 12 14 6 14 25 15
 12 14 6 14 25 12
 12 14 6 14 25 14
 12 14 6 14 2 2
 12 14 6 25 14 21
 12 14 6 25 15 14
 12 14 2 2 2 13
 12 14 25 13 6 25
 12 5 21 13 9 12
 12 5 21 21 21 21
 12 5 21 2 2 21
 12 5 12 12 21 21
 12 5 12 12 12 21
 12 5 12 5 12 5
 12 5 12 5 25 5
 12 5 12 5 25 21
 12 5 12 5 5 26
 12 5 12 5 15 14
 12 5 12 5 13 13
 12 5 25 12 12 13
 12 5 25 12 5 21
 12 5 25 21 21 12
 12 5 25 5 12 5
 12 5 25 25 25 25
 12 5 25 25 25 13
 12 5 25 25 15 14
 12 5 25 25 12 25
 12 5 13 9 12 14
 12 5 13 21 21 21
 12 5 13 25 6 13
 12 5 13 13 13 13
 12 5 2 13 14 12
 12 5 7 18 18 14
 12 5 15 14 25 21
 12 5 15 14 15 26
 12 5 5 26 15 14
 12 5 26 15 14 25
 12 5 26 26 15 14
 12 9 14 6 21 21
 12 9 14 6 13 25
 12 9 14 6 13 9
 12 9 9 14 9 12
 12 2 2 13 25 6
 12 2 2 2 13 9
 12 2 13 6 2 13
 12 25 2 2 2 21
 12 25 13 2 2 25
 12 25 13 14 6 12
 12 25 13 25 6 13
 12 25 25 25 25 25
 12 25 25 25 25 15
 12 25 25 25 15 14
 12 25 25 25 26 15
 12 25 25 25 13 25
 12 25 25 25 12 25
 12 25 25 15 14 25
 12 25 25 15 14 13
 12 25 25 15 14 12
 12 25 25 15 14 15
 12 25 25 12 25 25
 12 25 25 12 25 15
 12 25 25 12 12 12
 12 25 25 12 12 25
 12 25 25 12 15 14
 12 25 25 12 13 21
 12 25 25 13 25 6
 12 25 25 26 15 14
 12 25 25 21 21 25
 12 25 12 21 2 2
 12 25 12 12 12 12
 12 25 12 12 12 25
 12 25 12 12 25 25
 12 25 12 25 15 14
 12 25 12 25 26 15
 12 25 12 25 12 25
 12 25 12 25 25 25
 12 25 15 14 25 13
 12 25 15 14 25 25
 12 25 15 14 12 12
 12 25 15 14 2 13
 12 25 15 14 26 26
 12 25 15 14 15 15
 12 25 26 15 14 12
 12 25 26 15 14 13
 12 25 26 15 14 25
 12 26 15 15 15 15
 12 26 15 15 15 26
 12 26 15 14 25 25
 12 26 15 14 25 12
 12 26 15 14 26 15
 12 26 15 14 15 26
 12 26 15 12 15 15
 12 26 26 15 15 15
 12 26 26 26 26 15
 12 15 14 15 14 5
 12 15 14 15 25 15
 12 15 14 15 15 15
 12 15 14 15 15 25
 12 15 14 15 15 14
 12 15 14 15 26 15
 12 15 14 21 21 21
 12 15 14 21 21 25
 12 15 14 25 21 21
 12 15 14 25 26 26
 12 15 14 25 12 12
 12 15 14 12 15 14
 12 15 14 12 25 25
 12 15 14 12 25 12
 12 15 14 12 25 15
 12 15 14 12 12 25
 12 15 14 13 25 6
 12 15 26 15 15 15
 12 15 15 14 15 15
 12 15 15 15 15 15
 12 15 15 15 15 12
 12 15 15 25 25 15
 12 19 17 25 17 19
 13 21 13 21 13 21
 13 21 13 21 13 14
 13 21 13 21 13 13
 13 21 13 21 21 21
 13 21 13 14 9 12
 13 21 13 14 25 14
 13 21 13 13 13 13
 13 21 13 13 21 25
 13 21 13 13 21 21
 13 21 13 13 14 9
 13 21 13 9 14 6
 13 21 13 9 12 6
 13 21 13 9 9 21
 13 21 13 12 12 12
 13 21 13 12 6 21
 13 21 21 21 13 2
 13 21 21 21 21 13
 13 21 21 21 21 21
 13 21 21 13 25 25
 13 21 14 2 25 12
 13 21 14 21 21 21
 13 21 14 6 2 21
 13 21 25 25 14 25
 13 21 25 25 25 21
 13 21 25 5 5 25
 13 14 9 12 12 6
 13 14 9 12 12 12
 13 14 6 13 14 9
 13 14 6 13 14 6
 13 14 6 13 9 12
 13 14 6 13 13 13
 13 14 6 13 25 6
 13 14 6 14 6 12
 13 14 6 2 2 21
 13 14 6 2 2 2
 13 14 6 2 13 25
 13 14 6 2 12 21
 13 14 6 2 3 11
 13 14 6 2 21 13
 13 14 6 2 15 14
 13 14 6 12 12 2
 13 14 6 12 12 25
 13 14 6 12 12 12
 13 14 6 12 13 14
 13 14 6 12 13 21
 13 14 6 12 2 13
 13 14 6 12 21 26
 13 14 6 12 25 12
 13 14 6 12 15 14
 13 14 6 21 13 14
 13 14 6 21 21 13
 13 14 6 21 21 21
 13 14 6 6 25 25
 13 14 6 25 14 25
 13 14 6 25 13 6
 13 14 6 25 25 25
 13 14 6 25 25 26
 13 14 6 25 12 15
 13 14 6 15 14 26
 13 14 6 15 14 15
 13 14 2 2 2 2
 13 14 2 2 14 6
 13 14 2 21 2 21
 13 14 2 14 6 2
 13 14 14 6 2 2
 13 14 14 6 2 21
 13 14 14 6 6 14
 13 14 14 6 12 5
 13 14 14 6 21 21
 13 14 14 6 13 13
 13 14 14 6 13 26
 13 14 14 14 6 2
 13 14 14 14 14 14
 13 14 12 12 12 12
 13 14 25 14 25 14
 13 13 21 13 21 13
 13 13 21 13 9 14
 13 13 21 13 9 12
 13 13 21 13 12 12
 13 13 21 25 25 14
 13 13 21 25 25 25
 13 13 21 21 13 25
 13 13 21 21 21 21
 13 13 13 13 13 13
 13 13 13 13 13 9
 13 13 13 13 13 2
 13 13 13 13 13 25
 13 13 13 13 13 7
 13 13 13 13 13 6
 13 13 13 13 13 21
 13 13 13 13 9 12
 13 13 13 13 9 14
 13 13 13 13 2 13
 13 13 13 13 25 13
 13 13 13 13 7 2
 13 13 13 13 21 13
 13 13 13 13 21 21
 13 13 13 13 6 2
 13 13 13 9 12 6
 13 13 13 9 12 14
 13 13 13 9 14 14
 13 13 13 9 14 6
 13 13 13 2 13 14
 13 13 13 25 13 9
 13 13 13 25 25 25
 13 13 13 7 2 13
 13 13 13 21 13 9
 13 13 13 21 13 12
 13 13 13 21 21 21
 13 13 13 6 2 2
 13 13 13 14 6 13
 13 13 9 12 6 2
 13 13 9 12 14 14
 13 13 9 14 14 6
 13 13 9 14 14 14
 13 13 9 14 6 13
 13 13 9 14 6 21
 13 13 2 13 14 9
 13 13 2 13 9 12
 13 13 25 13 9 12
 13 13 25 25 25 25
 13 13 7 2 13 9
 13 13 6 2 2 2
 13 13 6 13 25 6
 13 13 6 13 25 25
 13 13 14 6 21 21
 13 13 14 6 13 13
 13 13 14 14 14 14
 13 13 14 14 6 13
 13 13 14 9 12 12
 13 9 12 6 2 13
 13 9 12 6 2 21
 13 9 12 6 2 2
 13 9 12 6 13 14
 13 9 12 6 13 13
 13 9 12 6 13 6
 13 9 12 6 13 9
 13 9 12 6 25 5
 13 9 12 6 25 13
 13 9 12 6 21 13
 13 9 12 6 21 21
 13 9 12 6 6 21
 13 9 12 6 15 2
 13 9 12 6 15 14
 13 9 12 6 12 12
 13 9 12 6 26 15
 13 9 12 6 26 26
 13 9 12 14 13 14
 13 9 12 14 14 6
 13 9 12 14 14 14
 13 9 12 14 14 21
 13 9 12 14 6 2
 13 9 12 14 6 13
 13 9 12 14 6 12
 13 9 12 14 6 15
 13 9 12 14 6 26
 13 9 12 14 6 14
 13 9 12 14 6 25
 13 9 12 12 6 13
 13 9 12 9 14 6
 13 9 14 6 21 21
 13 9 14 6 21 13
 13 9 14 6 21 15
 13 9 14 6 21 2
 13 9 14 6 2 21
 13 9 14 6 13 9
 13 9 14 6 13 13
 13 9 14 6 6 13
 13 9 14 6 5 6
 13 9 14 13 9 14
 13 9 14 13 14 9
 13 9 14 14 14 14
 13 9 14 14 14 6
 13 9 14 14 6 21
 13 9 14 14 6 2
 13 9 14 14 6 13
 13 9 14 21 13 14
 13 9 9 12 14 14
 13 9 9 21 14 2
 13 9 9 13 14 6
 13 9 9 25 25 25
 13 9 9 25 14 25
 13 9 9 9 13 9
 13 9 9 9 25 25
 13 9 9 14 14 12
 13 9 13 9 12 6
 13 2 13 14 9 12
 13 2 13 9 12 14
 13 2 21 2 21 2
 13 2 21 13 14 2
 13 2 2 2 2 2
 13 2 2 21 21 13
 13 2 2 21 12 12
 13 2 2 25 21 2
 13 25 13 9 12 6
 13 25 25 25 25 25
 13 25 25 25 13 14
 13 25 25 6 15 14
 13 25 25 2 25 14
 13 25 6 2 13 14
 13 25 6 2 13 6
 13 25 6 2 13 25
 13 25 6 2 21 21
 13 25 6 2 21 13
 13 25 6 2 2 2
 13 25 6 25 13 25
 13 25 6 25 25 21
 13 25 6 25 25 13
 13 25 6 25 25 25
 13 25 6 25 25 15
 13 25 6 25 25 12
 13 25 6 25 25 26
 13 25 6 25 15 14
 13 25 6 25 15 15
 13 25 6 25 21 13
 13 25 6 25 21 21
 13 25 6 25 2 13
 13 25 6 25 26 15
 13 25 6 25 12 25
 13 25 6 25 12 12
 13 25 6 13 13 13
 13 25 6 13 21 21
 13 25 6 13 21 13
 13 25 6 13 25 6
 13 25 6 13 14 6
 13 25 6 21 13 12
 13 25 6 21 13 13
 13 25 6 21 21 21
 13 25 6 14 2 2
 13 25 6 12 2 2
 13 25 6 12 13 25
 13 25 6 12 12 26
 13 25 6 12 25 25
 13 25 6 5 13 21
 13 25 6 15 14 15
 13 25 6 15 14 25
 13 25 6 15 14 13
 13 25 6 15 26 15
 13 25 6 15 13 25
 13 25 6 15 15 13
 13 25 6 15 15 15
 13 25 6 15 15 25
 13 25 6 15 15 14
 13 25 6 15 25 15
 13 25 6 15 21 21
 13 25 6 26 26 15
 13 25 6 26 26 26
 13 25 6 26 15 14
 13 25 6 26 15 15
 13 25 6 26 13 14
 13 25 2 6 21 21
 13 10 12 6 13 9
 13 7 2 13 9 12
 13 6 13 14 14 6
 13 6 13 25 2 6
 13 6 13 25 6 13
 13 6 13 25 6 2
 13 6 13 25 25 6
 13 6 13 13 13 13
 13 6 21 21 21 13
 13 6 2 2 2 2
 13 6 2 2 2 13
 13 6 2 13 6 13
 13 6 25 6 23 2
 13 6 25 6 23 21
 13 6 25 6 23 12
 13 6 25 25 6 23
 13 6 25 25 25 25
 13 6 25 25 25 6
 13 6 9 25 6 23
 13 6 6 6 6 6
 13 12 5 25 12 5
 13 12 12 12 12 6
 13 12 12 12 6 12
 13 12 12 6 12 12
 13 12 6 13 14 6
 13 12 6 21 13 12
 13 12 6 12 12 13
 13 12 6 12 13 14
 13 26 15 12 12 12
 21 13 21 13 21 13
 21 13 21 13 21 21
 21 13 21 13 14 9
 21 13 21 13 14 25
 21 13 21 13 13 13
 21 13 21 13 13 21
 21 13 21 13 13 14
 21 13 21 21 21 13
 21 13 21 21 21 21
 21 13 21 14 2 25
 21 13 21 14 21 21
 21 13 21 14 6 2
 21 13 14 9 12 12
 21 13 14 2 21 2
 21 13 14 2 2 14
 21 13 14 2 14 6
 21 13 14 14 6 2
 21 13 14 14 6 6
 21 13 14 14 6 21
 21 13 14 14 14 6
 21 13 14 25 14 25
 21 13 14 6 21 13
 21 13 14 6 21 21
 21 13 14 6 6 25
 21 13 14 6 12 25
 21 13 14 6 2 2
 21 13 13 13 13 13
 21 13 13 13 13 21
 21 13 13 13 9 14
 21 13 13 9 12 14
 21 13 13 21 25 25
 21 13 13 21 21 13
 21 13 13 21 21 21
 21 13 13 6 13 25
 21 13 13 14 9 12
 21 13 9 12 12 6
 21 13 9 12 14 14
 21 13 9 12 14 6
 21 13 9 12 9 14
 21 13 9 12 6 21
 21 13 9 12 6 13
 21 13 9 14 6 21
 21 13 9 14 14 6
 21 13 9 14 14 14
 21 13 9 14 21 13
 21 13 9 13 9 12
 21 13 9 9 21 14
 21 13 9 9 13 14
 21 13 9 9 25 25
 21 13 9 9 25 14
 21 13 9 9 9 13
 21 13 9 9 14 14
 21 13 10 12 6 13
 21 13 2 2 21 21
 21 13 25 25 25 25
 21 13 25 25 25 13
 21 13 25 6 13 25
 21 13 6 21 21 21
 21 13 6 2 2 2
 21 13 12 12 12 12
 21 13 12 12 12 6
 21 13 12 12 6 12
 21 13 12 6 13 14
 21 13 12 6 21 13
 21 13 12 6 12 12
 21 13 12 6 12 13
 21 2 12 12 12 13
 21 2 2 13 14 6
 21 2 2 13 6 13
 21 2 2 2 21 6
 21 2 2 2 13 9
 21 2 2 2 2 2
 21 2 2 21 2 2
 21 2 21 2 21 13
 21 2 21 2 21 2
 21 2 21 2 21 4
 21 2 21 2 13 14
 21 2 21 13 10 12
 21 2 21 13 14 14
 21 2 21 13 14 6
 21 2 21 13 21 14
 21 2 21 4 21 13
 21 2 21 21 13 21
 21 2 21 21 13 13
 21 2 21 21 21 21
 21 2 21 6 21 21
 21 2 6 25 25 25
 21 2 6 2 2 2
 21 2 13 9 12 9
 21 2 13 9 14 14
 21 2 13 14 9 12
 21 21 21 21 21 21
 21 21 21 21 21 6
 21 21 21 21 21 25
 21 21 21 21 21 13
 21 21 21 21 21 12
 21 21 21 21 21 26
 21 21 21 21 21 2
 21 21 21 21 6 21
 21 21 21 21 6 6
 21 21 21 21 13 25
 21 21 21 21 13 9
 21 21 21 21 13 6
 21 21 21 21 13 13
 21 21 21 21 13 21
 21 21 21 21 25 25
 21 21 21 21 12 6
 21 21 21 21 12 21
 21 21 21 21 12 12
 21 21 21 21 26 15
 21 21 21 21 26 21
 21 21 21 21 2 21
 21 21 21 6 21 13
 21 21 21 6 21 21
 21 21 21 6 21 2
 21 21 21 6 21 6
 21 21 21 6 6 6
 21 21 21 6 6 21
 21 21 21 13 2 2
 21 21 21 13 25 25
 21 21 21 13 9 14
 21 21 21 13 9 12
 21 21 21 13 6 21
 21 21 21 13 6 2
 21 21 21 13 13 13
 21 21 21 13 21 21
 21 21 21 25 25 25
 21 21 21 25 25 15
 21 21 21 25 12 21
 21 21 21 25 21 21
 21 21 21 12 5 13
 21 21 21 12 6 21
 21 21 21 12 21 21
 21 21 21 12 12 21
 21 21 21 12 12 13
 21 21 21 26 15 15
 21 21 21 26 21 21
 21 21 21 2 2 2
 21 21 21 2 21 2
 21 21 21 2 21 21
 21 21 21 14 2 2
 21 21 6 21 13 14
 21 21 6 21 21 21
 21 21 6 21 21 6
 21 21 6 21 2 6
 21 21 6 21 6 21
 21 21 6 6 6 21
 21 21 6 6 21 25
 21 21 6 6 21 2
 21 21 13 2 2 21
 21 21 13 9 12 9
 21 21 13 9 12 6
 21 21 13 9 12 14
 21 21 13 9 14 6
 21 21 13 9 14 14
 21 21 13 9 14 21
 21 21 13 9 13 9
 21 21 13 9 9 25
 21 21 13 9 9 14
 21 21 13 13 9 12
 21 21 13 13 21 25
 21 21 13 13 13 13
 21 21 13 13 13 9
 21 21 13 25 25 25
 21 21 13 25 6 13
 21 21 13 21 13 14
 21 21 13 21 14 6
 21 21 13 21 21 21
 21 21 13 14 6 21
 21 21 13 14 6 12
 21 21 13 6 21 21
 21 21 13 6 2 2
 21 21 2 21 6 21
 21 21 2 21 2 13
 21 21 2 21 21 21
 21 21 2 2 2 21
 21 21 2 2 2 13
 21 21 2 13 9 12
 21 21 12 12 12 25
 21 21 12 12 5 15
 21 21 12 12 21 21
 21 21 12 12 13 9
 21 21 12 12 14 2
 21 21 12 12 25 25
 21 21 12 5 13 21
 21 21 12 5 13 25
 21 21 12 5 25 21
 21 21 12 6 21 6
 21 21 12 21 21 21
 21 21 12 25 25 15
 21 21 12 13 25 6
 21 21 25 25 25 21
 21 21 25 25 25 25
 21 21 25 25 26 15
 21 21 25 25 12 25
 21 21 25 25 15 14
 21 21 25 25 13 25
 21 21 25 21 21 21
 21 21 25 21 21 13
 21 21 25 12 21 21
 21 21 25 12 21 12
 21 21 25 12 5 26
 21 21 25 13 25 6
 21 21 25 15 14 15
 21 21 15 14 21 13
 21 21 15 14 15 15
 21 21 26 15 15 26
 21 21 26 15 15 15
 21 21 26 21 21 5
 21 21 26 12 12 26
 21 21 5 15 26 26
 21 21 14 2 2 2
 21 21 19 17 25 17
 21 6 21 13 14 9
 21 6 21 13 14 6
 21 6 21 13 9 14
 21 6 21 21 2 21
 21 6 21 21 2 2
 21 6 21 21 12 12
 21 6 21 21 21 21
 21 6 21 21 6 21
 21 6 21 2 6 25
 21 6 21 6 21 6
 21 6 21 6 21 21
 21 6 21 6 21 13
 21 6 21 6 21 15
 21 6 21 6 21 14
 21 6 21 6 13 13
 21 6 21 6 13 21
 21 6 21 6 2 21
 21 6 21 6 12 12
 21 6 21 6 26 15
 21 6 21 6 25 12
 21 6 21 6 15 14
 21 6 21 15 15 14
 21 6 21 14 14 6
 21 6 21 14 6 25
 21 6 6 6 21 21
 21 6 6 21 25 2
 21 6 6 21 25 25
 21 6 6 21 2 21
 21 6 13 13 13 9
 21 6 13 13 14 6
 21 6 13 13 14 14
 21 6 13 21 21 21
 21 6 2 21 2 21
 21 6 12 12 26 15
 21 6 26 15 14 25
 21 6 25 12 12 12
 21 6 15 14 15 15
 21 12 12 5 12 12
 21 12 12 5 15 14
 21 12 12 12 25 2
 21 12 12 12 21 2
 21 12 12 21 21 21
 21 12 12 13 9 14
 21 12 12 14 2 2
 21 12 12 25 25 12
 21 12 5 13 21 21
 21 12 5 13 25 6
 21 12 5 25 21 21
 21 12 6 21 6 21
 21 12 21 21 21 21
 21 12 25 25 25 25
 21 12 25 25 15 14
 21 12 13 25 6 13
 21 4 21 13 21 13
 21 25 2 12 25 13
 21 25 25 14 25 25
 21 25 25 25 21 13
 21 25 25 25 21 21
 21 25 25 25 25 25
 21 25 25 13 9 12
 21 25 25 13 25 6
 21 25 25 26 15 14
 21 25 25 12 25 26
 21 25 25 15 14 25
 21 25 21 21 21 21
 21 25 21 21 21 2
 21 25 21 21 21 14
 21 25 21 21 13 14
 21 25 12 21 21 21
 21 25 12 21 12 25
 21 25 12 5 26 15
 21 25 5 5 25 12
 21 25 13 25 6 13
 21 25 15 14 15 26
 21 25 15 14 15 21
 21 25 15 14 15 13
 21 25 15 14 15 15
 21 14 2 25 12 13
 21 14 2 9 23 9
 21 14 2 9 2 21
 21 14 2 2 2 13
 21 14 21 21 21 21
 21 14 6 2 21 13
 21 14 6 25 25 26
 21 14 14 6 13 25
 21 15 14 21 13 21
 21 15 14 15 15 15
 21 15 14 15 15 14
 21 15 15 14 15 15
 21 26 15 15 26 15
 21 26 15 15 15 26
 21 26 21 21 5 15
 21 26 12 12 26 15
 21 5 15 26 26 13
 21 19 17 25 17 19
 14 9 12 12 6 2
 14 9 12 12 6 13
 14 9 12 12 6 5
 14 9 12 12 6 14
 14 9 12 12 6 6
 14 9 12 12 6 9
 14 9 12 12 6 21
 14 9 12 12 6 12
 14 9 12 12 6 7
 14 9 12 12 12 6
 14 9 12 12 12 12
 14 9 12 12 13 14
 14 9 2 9 21 21
 14 9 2 9 21 13
 14 13 14 6 13 14
 14 13 14 6 15 14
 14 13 14 6 12 12
 14 13 14 9 12 12
 14 13 9 14 13 14
 14 13 9 14 6 13
 14 13 13 13 13 13
 14 13 25 6 25 15
 14 13 25 6 25 25
 14 13 25 6 25 21
 14 13 25 6 25 2
 14 13 25 6 25 12
 14 13 25 6 13 25
 14 6 13 14 9 12
 14 6 13 14 6 14
 14 6 13 14 6 13
 14 6 13 14 6 25
 14 6 13 14 6 12
 14 6 13 14 14 14
 14 6 13 13 13 13
 14 6 13 13 13 9
 14 6 13 13 2 13
 14 6 13 13 14 6
 14 6 13 13 14 14
 14 6 13 9 12 14
 14 6 13 9 12 6
 14 6 13 9 14 13
 14 6 13 9 14 6
 14 6 13 25 6 25
 14 6 13 25 6 21
 14 6 13 26 15 12
 14 6 14 6 12 5
 14 6 14 21 21 21
 14 6 14 25 15 26
 14 6 14 25 12 19
 14 6 14 25 12 5
 14 6 14 25 14 2
 14 6 14 2 2 2
 14 6 12 5 21 13
 14 6 12 5 13 9
 14 6 12 5 2 13
 14 6 12 5 7 18
 14 6 12 13 14 6
 14 6 12 13 21 21
 14 6 12 12 2 2
 14 6 12 12 25 12
 14 6 12 12 12 12
 14 6 12 2 13 6
 14 6 12 21 26 15
 14 6 12 25 12 21
 14 6 12 15 14 12
 14 6 12 15 14 15
 14 6 2 2 21 13
 14 6 2 2 2 13
 14 6 2 2 2 2
 14 6 2 2 14 6
 14 6 2 2 26 15
 14 6 2 2 25 12
 14 6 2 2 13 9
 14 6 2 13 9 12
 14 6 2 13 25 6
 14 6 2 7 6 7
 14 6 2 12 5 13
 14 6 2 12 21 13
 14 6 2 21 13 14
 14 6 2 21 13 9
 14 6 2 21 13 13
 14 6 2 21 13 12
 14 6 2 21 2 21
 14 6 2 21 21 19
 14 6 2 21 21 2
 14 6 2 9 14 9
 14 6 2 9 9 23
 14 6 2 3 11 25
 14 6 2 15 14 13
 14 6 21 21 21 21
 14 6 21 21 21 13
 14 6 21 21 13 13
 14 6 21 21 13 14
 14 6 21 21 13 9
 14 6 21 13 9 14
 14 6 21 13 9 12
 14 6 21 13 14 9
 14 6 21 13 14 6
 14 6 21 13 14 14
 14 6 21 13 13 13
 14 6 21 15 15 14
 14 6 21 2 13 14
 14 6 26 15 15 26
 14 6 26 15 15 15
 14 6 26 15 26 15
 14 6 26 15 2 2
 14 6 7 6 7 6
 14 6 6 13 2 21
 14 6 6 13 2 2
 14 6 6 14 6 21
 14 6 6 25 25 25
 14 6 25 14 25 13
 14 6 25 14 21 21
 14 6 25 13 6 25
 14 6 25 25 25 25
 14 6 25 25 26 15
 14 6 25 25 26 26
 14 6 25 15 14 15
 14 6 25 12 15 14
 14 6 15 14 25 17
 14 6 15 14 25 12
 14 6 15 14 25 25
 14 6 15 14 21 21
 14 6 15 14 26 26
 14 6 15 14 12 12
 14 6 15 14 15 15
 14 6 15 15 2 2
 14 6 15 15 14 5
 14 6 15 15 14 15
 14 6 15 15 15 15
 14 6 15 26 15 15
 14 6 5 6 6 14
 14 6 24 26 15 15
 14 6 27 27 27 27
 14 14 6 13 14 6
 14 14 6 13 14 14
 14 14 6 13 13 13
 14 14 6 13 13 2
 14 14 6 13 13 14
 14 14 6 13 9 12
 14 14 6 13 25 6
 14 14 6 13 26 15
 14 14 6 2 13 9
 14 14 6 2 7 6
 14 14 6 2 2 2
 14 14 6 2 2 14
 14 14 6 2 2 26
 14 14 6 2 2 25
 14 14 6 2 2 13
 14 14 6 2 21 13
 14 14 6 2 21 21
 14 14 6 26 15 15
 14 14 6 26 15 26
 14 14 6 7 6 7
 14 14 6 12 5 13
 14 14 6 12 5 2
 14 14 6 12 5 7
 14 14 6 6 13 2
 14 14 6 6 14 6
 14 14 6 21 13 14
 14 14 6 21 13 9
 14 14 6 21 13 13
 14 14 6 21 21 13
 14 14 6 21 21 21
 14 14 6 27 27 27
 14 14 14 14 14 14
 14 14 14 14 14 6
 14 14 14 14 6 13
 14 14 14 14 6 2
 14 14 14 14 6 12
 14 14 14 14 6 6
 14 14 14 14 6 21
 14 14 14 14 2 13
 14 14 14 14 24 6
 14 14 14 6 13 9
 14 14 14 6 13 13
 14 14 14 6 13 14
 14 14 14 6 2 13
 14 14 14 6 2 7
 14 14 14 6 2 21
 14 14 14 6 2 2
 14 14 14 6 12 5
 14 14 14 6 6 13
 14 14 14 6 21 13
 14 14 14 6 21 21
 14 14 14 2 13 14
 14 14 14 24 6 6
 14 14 2 13 14 14
 14 14 21 21 13 9
 14 14 24 6 6 7
 14 14 25 2 2 2
 14 14 12 5 25 25
 14 2 2 2 2 2
 14 2 2 2 13 9
 14 2 2 14 6 2
 14 2 13 14 14 6
 14 2 13 25 6 25
 14 2 13 25 6 13
 14 2 21 2 21 13
 14 2 14 6 2 21
 14 2 25 12 13 14
 14 2 9 23 9 2
 14 2 9 23 9 21
 14 2 9 2 21 21
 14 2 12 13 25 6
 14 12 12 12 12 13
 14 12 12 12 12 12
 14 12 12 12 12 25
 14 12 12 12 25 25
 14 12 12 26 26 26
 14 12 12 25 25 15
 14 12 15 14 15 14
 14 12 15 14 12 25
 14 12 15 15 14 15
 14 12 5 25 25 15
 14 12 5 25 25 25
 14 12 5 12 5 25
 14 12 25 25 25 25
 14 12 25 12 12 12
 14 12 25 15 14 12
 14 12 21 21 25 25
 14 18 14 18 19 17
 14 18 19 17 17 9
 14 25 14 25 14 25
 14 25 14 25 14 6
 14 25 14 25 12 5
 14 25 14 25 15 14
 14 25 14 25 2 21
 14 25 14 6 6 25
 14 25 14 2 2 2
 14 25 25 25 25 25
 14 25 25 25 25 15
 14 25 25 25 13 9
 14 25 25 25 13 14
 14 25 25 25 13 25
 14 25 25 25 15 14
 14 25 25 25 12 12
 14 25 25 25 12 25
 14 25 25 15 14 25
 14 25 25 13 25 6
 14 25 25 26 15 14
 14 25 25 12 15 14
 14 25 13 6 25 6
 14 25 13 6 25 25
 14 25 13 6 9 25
 14 25 13 13 13 13
 14 25 13 25 25 2
 14 25 13 25 6 13
 14 25 13 25 6 25
 14 25 13 25 6 12
 14 25 13 25 6 15
 14 25 13 14 6 13
 14 25 13 14 6 12
 14 25 12 5 12 12
 14 25 12 5 12 5
 14 25 12 5 25 25
 14 25 12 21 21 21
 14 25 12 19 17 25
 14 25 12 12 12 12
 14 25 17 25 17 25
 14 25 21 21 13 9
 14 25 21 21 13 25
 14 25 21 21 12 13
 14 25 21 21 26 12
 14 25 21 21 15 14
 14 25 5 15 14 15
 14 25 15 14 15 14
 14 25 15 14 15 15
 14 25 15 14 15 26
 14 25 15 14 25 25
 14 25 15 14 25 13
 14 25 15 14 13 14
 14 25 15 26 25 13
 14 25 15 15 14 26
 14 25 15 15 14 25
 14 25 15 15 14 15
 14 25 2 21 13 13
 14 25 2 2 2 2
 14 25 2 2 2 13
 14 25 2 13 25 6
 14 25 26 13 25 6
 14 25 26 21 21 26
 14 25 26 26 26 26
 14 25 26 26 15 14
 14 25 26 15 14 15
 14 21 21 21 21 21
 14 21 21 21 21 26
 14 21 21 21 25 12
 14 21 21 21 25 21
 14 21 21 13 9 12
 14 21 21 13 25 6
 14 21 21 15 14 21
 14 21 21 25 21 21
 14 21 21 25 12 5
 14 21 21 25 13 25
 14 21 21 25 25 12
 14 21 21 25 15 14
 14 21 13 21 21 21
 14 21 13 14 9 12
 14 15 14 15 15 15
 14 15 14 15 15 14
 14 15 14 15 15 25
 14 15 14 15 15 13
 14 15 14 15 14 15
 14 15 14 15 14 12
 14 15 14 15 14 25
 14 15 14 15 14 26
 14 15 14 15 26 15
 14 15 14 15 21 21
 14 15 14 15 25 15
 14 15 14 5 15 14
 14 15 14 12 15 14
 14 15 14 25 15 14
 14 15 14 25 15 15
 14 15 14 25 13 13
 14 15 14 25 25 25
 14 15 14 26 15 15
 14 15 14 26 15 26
 14 15 14 26 26 26
 14 15 15 15 15 25
 14 15 15 15 15 15
 14 15 15 15 15 12
 14 15 15 15 15 14
 14 15 15 15 15 26
 14 15 15 15 14 26
 14 15 15 15 14 12
 14 15 15 15 14 2
 14 15 15 15 14 15
 14 15 15 15 25 15
 14 15 15 15 25 25
 14 15 15 15 25 26
 14 15 15 15 12 12
 14 15 15 15 13 25
 14 15 15 15 26 26
 14 15 15 15 26 15
 14 15 15 21 21 12
 14 15 15 21 21 15
 14 15 15 21 21 25
 14 15 15 2 2 2
 14 15 15 2 13 25
 14 15 15 14 15 15
 14 15 15 14 15 14
 14 15 15 14 15 26
 14 15 15 14 15 12
 14 15 15 14 15 13
 14 15 15 14 15 21
 14 15 15 14 25 15
 14 15 15 14 25 12
 14 15 15 14 25 25
 14 15 15 14 25 26
 14 15 15 14 25 21
 14 15 15 14 21 21
 14 15 15 14 21 13
 14 15 15 14 26 15
 14 15 15 14 26 26
 14 15 15 14 12 5
 14 15 15 14 12 12
 14 15 15 14 12 21
 14 15 15 14 12 15
 14 15 15 14 13 25
 14 15 15 26 15 25
 14 15 15 26 15 26
 14 15 15 26 15 14
 14 15 15 26 15 15
 14 15 15 25 15 14
 14 15 15 25 15 15
 14 15 15 25 15 25
 14 15 15 25 15 12
 14 15 15 25 25 15
 14 15 15 25 25 25
 14 15 15 25 12 15
 14 15 15 12 12 12
 14 15 15 12 25 25
 14 15 15 12 25 13
 14 15 15 13 25 6
 14 15 12 12 15 14
 14 15 12 15 14 15
 14 15 12 25 25 12
 14 15 26 15 15 15
 14 15 26 15 15 14
 14 15 26 15 15 25
 14 15 26 15 15 13
 14 15 26 15 25 25
 14 15 26 15 25 15
 14 15 26 15 26 26
 14 15 26 15 26 15
 14 15 26 15 14 15
 14 15 26 26 15 14
 14 15 26 26 15 15
 14 15 26 26 26 26
 14 15 25 15 14 15
 14 15 25 15 15 14
 14 15 25 15 15 25
 14 15 25 15 15 15
 14 15 25 15 25 15
 14 15 25 25 15 14
 14 15 25 25 25 25
 14 15 25 25 25 15
 14 15 25 26 15 14
 14 15 25 26 15 15
 14 15 25 26 26 15
 14 15 25 13 14 6
 14 15 25 12 15 14
 14 15 13 25 6 15
 14 15 13 14 6 15
 14 15 21 21 25 15
 14 15 21 21 15 14
 14 5 15 14 25 5
 14 5 15 14 15 14
 14 5 15 14 15 15
 14 24 6 6 7 18
 14 26 15 14 15 26
 14 26 15 14 25 25
 14 26 15 14 25 26
 14 26 15 26 15 15
 14 26 15 15 15 26
 14 26 15 15 15 14
 14 26 15 15 26 15
 14 26 26 15 14 26
 14 26 26 15 14 15
 14 26 26 15 26 15
 14 26 26 25 13 25
 14 26 26 25 25 25
 14 26 26 26 25 25
 14 26 26 26 15 26
 14 26 26 26 15 14
 14 26 26 26 26 25
 14 26 25 25 25 25
 14 26 12 12 12 12
 9 12 12 6 2 13
 9 12 12 6 13 13
 9 12 12 6 13 14
 9 12 12 6 13 9
 9 12 12 6 13 2
 9 12 12 6 13 21
 9 12 12 6 5 6
 9 12 12 6 5 12
 9 12 12 6 14 14
 9 12 12 6 14 13
 9 12 12 6 6 6
 9 12 12 6 9 25
 9 12 12 6 21 13
 9 12 12 6 21 21
 9 12 12 6 21 2
 9 12 12 6 12 5
 9 12 12 6 7 2
 9 12 12 12 6 13
 9 12 12 12 6 14
 9 12 12 12 6 21
 9 12 12 12 12 6
 9 12 12 13 14 6
 9 12 6 2 13 14
 9 12 6 2 13 21
 9 12 6 2 13 13
 9 12 6 2 21 13
 9 12 6 2 2 2
 9 12 6 13 14 9
 9 12 6 13 13 21
 9 12 6 13 13 13
 9 12 6 13 6 13
 9 12 6 13 9 12
 9 12 6 25 5 13
 9 12 6 25 13 9
 9 12 6 21 13 9
 9 12 6 21 13 14
 9 12 6 21 21 21
 9 12 6 6 21 21
 9 12 6 15 2 2
 9 12 6 15 14 15
 9 12 6 12 12 13
 9 12 6 12 12 12
 9 12 6 26 15 15
 9 12 6 26 26 15
 9 12 14 13 14 6
 9 12 14 14 6 13
 9 12 14 14 6 26
 9 12 14 14 6 7
 9 12 14 14 6 2
 9 12 14 14 6 12
 9 12 14 14 6 27
 9 12 14 14 14 14
 9 12 14 14 14 6
 9 12 14 14 21 21
 9 12 14 6 2 12
 9 12 14 6 2 9
 9 12 14 6 2 2
 9 12 14 6 13 9
 9 12 14 6 12 13
 9 12 14 6 15 14
 9 12 14 6 15 15
 9 12 14 6 15 26
 9 12 14 6 26 15
 9 12 14 6 14 21
 9 12 14 6 14 25
 9 12 14 6 14 2
 9 12 14 6 25 14
 9 12 14 6 25 15
 9 12 9 14 6 21
 9 12 9 14 6 13
 9 14 6 21 21 21
 9 14 6 21 21 13
 9 14 6 21 13 9
 9 14 6 21 13 14
 9 14 6 21 15 15
 9 14 6 21 2 13
 9 14 6 2 21 2
 9 14 6 13 25 6
 9 14 6 13 9 14
 9 14 6 13 13 14
 9 14 6 13 13 13
 9 14 6 6 13 2
 9 14 6 5 6 6
 9 14 13 9 14 13
 9 14 13 9 14 6
 9 14 13 14 9 12
 9 14 14 14 14 14
 9 14 14 14 14 6
 9 14 14 14 6 21
 9 14 14 6 21 21
 9 14 14 6 2 2
 9 14 14 6 2 21
 9 14 14 6 13 13
 9 14 14 12 5 25
 9 14 9 2 9 21
 9 14 9 12 12 13
 9 14 25 14 25 14
 9 14 21 13 14 9
 9 9 12 14 14 6
 9 9 21 14 2 9
 9 9 23 9 2 9
 9 9 23 9 21 13
 9 9 13 14 6 25
 9 9 13 9 9 9
 9 9 25 25 25 25
 9 9 25 14 25 13
 9 9 9 13 9 9
 9 9 9 25 25 25
 9 9 9 14 25 14
 9 9 14 9 12 12
 9 9 14 25 14 25
 9 9 14 14 12 5
 9 25 26 15 15 15
 9 25 25 12 12 13
 9 25 25 25 25 14
 9 25 25 25 25 25
 9 25 25 25 25 12
 9 25 19 17 25 17
 9 25 19 19 19 19
 9 25 14 25 13 6
 9 25 6 23 2 9
 9 13 9 12 6 6
 9 13 9 9 9 25
 9 13 14 6 25 14
 9 21 14 2 9 23
 9 21 14 2 9 2
 9 21 13 9 9 13
 9 21 13 9 9 25
 9 21 13 9 9 9
 9 21 13 9 12 14
 9 21 21 13 9 9
 9 23 9 2 9 9
 9 23 9 21 13 9
 9 2 9 9 23 9
 9 2 9 21 21 13
 9 2 9 21 13 9
 9 2 21 21 13 9
 6 2 13 13 21 13
 6 2 13 13 13 14
 6 2 13 13 13 13
 6 2 13 14 9 12
 6 2 13 14 14 6
 6 2 13 9 12 14
 6 2 13 21 13 21
 6 2 13 25 6 2
 6 2 13 25 6 13
 6 2 13 25 6 21
 6 2 13 25 6 15
 6 2 13 25 6 26
 6 2 13 6 13 25
 6 2 2 21 13 9
 6 2 2 2 13 14
 6 2 2 2 13 21
 6 2 2 2 13 9
 6 2 2 2 2 13
 6 2 2 2 2 2
 6 2 2 2 2 21
 6 2 2 2 26 15
 6 2 2 14 6 2
 6 2 2 26 15 15
 6 2 2 25 12 5
 6 2 2 13 9 12
 6 2 7 6 7 6
 6 2 21 13 14 9
 6 2 21 13 14 14
 6 2 21 13 14 2
 6 2 21 13 9 9
 6 2 21 13 13 6
 6 2 21 13 12 6
 6 2 21 13 21 21
 6 2 21 2 21 2
 6 2 21 2 21 21
 6 2 21 21 2 13
 6 2 21 21 2 2
 6 2 21 21 19 17
 6 2 12 5 13 9
 6 2 12 21 13 12
 6 2 9 14 9 2
 6 2 9 9 23 9
 6 2 3 11 25 2
 6 2 15 14 13 25
 6 13 13 13 13 13
 6 13 13 13 9 12
 6 13 13 13 9 14
 6 13 13 13 25 25
 6 13 13 21 13 9
 6 13 13 2 13 9
 6 13 13 14 6 21
 6 13 13 14 14 14
 6 13 13 14 14 6
 6 13 14 9 12 12
 6 13 14 6 13 14
 6 13 14 6 14 6
 6 13 14 6 21 13
 6 13 14 6 25 13
 6 13 14 6 25 25
 6 13 14 6 25 12
 6 13 14 6 12 13
 6 13 14 6 12 15
 6 13 14 6 2 13
 6 13 14 6 2 3
 6 13 14 14 6 2
 6 13 14 14 6 13
 6 13 14 14 14 14
 6 13 9 12 14 14
 6 13 9 12 14 6
 6 13 9 12 6 13
 6 13 9 12 6 2
 6 13 9 12 6 25
 6 13 9 12 6 15
 6 13 9 12 6 12
 6 13 9 12 6 26
 6 13 9 14 13 9
 6 13 9 14 6 2
 6 13 9 14 6 13
 6 13 9 14 6 6
 6 13 9 9 12 14
 6 13 2 21 2 21
 6 13 2 21 13 14
 6 13 2 2 21 12
 6 13 6 13 14 14
 6 13 6 13 13 13
 6 13 21 13 21 13
 6 13 21 13 12 6
 6 13 21 21 21 21
 6 13 25 6 25 13
 6 13 25 6 25 25
 6 13 25 6 25 26
 6 13 25 6 25 12
 6 13 25 6 13 13
 6 13 25 6 13 21
 6 13 25 6 13 25
 6 13 25 6 13 14
 6 13 25 6 2 21
 6 13 25 6 21 13
 6 13 25 6 14 2
 6 13 25 6 12 2
 6 13 25 6 12 25
 6 13 25 6 12 13
 6 13 25 6 5 13
 6 13 25 6 15 14
 6 13 25 6 15 26
 6 13 25 6 15 13
 6 13 25 6 15 15
 6 13 25 6 26 26
 6 13 25 6 26 15
 6 13 25 2 6 21
 6 13 25 25 6 15
 6 13 26 15 12 12
 6 12 12 21 2 12
 6 12 12 2 2 13
 6 12 12 26 15 15
 6 12 12 26 15 14
 6 12 12 12 12 13
 6 12 12 12 12 12
 6 12 12 13 14 6
 6 12 12 13 9 12
 6 12 12 25 12 12
 6 12 5 21 13 9
 6 12 5 21 21 21
 6 12 5 13 9 12
 6 12 5 2 13 14
 6 12 5 7 18 18
 6 12 13 14 6 12
 6 12 13 14 6 13
 6 12 13 14 6 2
 6 12 13 25 6 2
 6 12 13 25 6 26
 6 12 13 21 21 21
 6 12 2 13 6 2
 6 12 2 2 2 13
 6 12 21 26 15 15
 6 12 25 12 21 2
 6 12 25 25 13 25
 6 12 25 25 25 13
 6 12 15 14 12 25
 6 12 15 14 15 26
 6 12 15 14 15 25
 6 14 6 12 5 21
 6 14 6 21 13 9
 6 14 6 21 21 21
 6 14 14 14 14 2
 6 14 14 14 14 24
 6 14 13 13 13 13
 6 14 2 2 2 13
 6 14 21 21 21 25
 6 14 25 15 26 25
 6 14 25 12 19 17
 6 14 25 12 5 25
 6 14 25 14 2 2
 6 5 6 21 2 2
 6 5 6 6 14 14
 6 5 13 21 13 9
 6 5 12 5 12 5
 6 21 2 2 13 14
 6 21 2 21 13 14
 6 21 2 6 25 25
 6 21 2 13 14 9
 6 21 21 21 21 21
 6 21 21 21 21 13
 6 21 21 21 21 6
 6 21 21 21 21 12
 6 21 21 21 13 9
 6 21 21 21 13 6
 6 21 21 21 2 2
 6 21 21 13 13 9
 6 21 21 13 13 21
 6 21 21 13 14 6
 6 21 21 13 9 13
 6 21 21 13 9 14
 6 21 21 13 21 14
 6 21 21 2 21 6
 6 21 21 2 2 2
 6 21 21 12 12 12
 6 21 21 6 21 21
 6 21 21 6 21 6
 6 21 13 14 9 12
 6 21 13 14 6 21
 6 21 13 14 6 2
 6 21 13 14 14 6
 6 21 13 9 12 6
 6 21 13 9 14 6
 6 21 13 9 14 14
 6 21 13 21 13 13
 6 21 13 13 13 9
 6 21 13 13 21 21
 6 21 13 12 6 13
 6 21 13 12 6 12
 6 21 13 12 12 6
 6 21 12 12 5 12
 6 21 25 2 12 25
 6 21 25 25 13 9
 6 21 6 21 6 21
 6 21 6 21 6 13
 6 21 6 21 6 2
 6 21 6 21 6 12
 6 21 6 21 6 26
 6 21 6 21 6 25
 6 21 6 21 6 15
 6 21 6 21 21 6
 6 21 6 21 21 21
 6 21 6 21 13 9
 6 21 6 21 13 14
 6 21 6 21 15 15
 6 21 6 21 14 14
 6 21 6 21 14 6
 6 21 6 13 13 13
 6 21 6 13 13 14
 6 21 6 13 21 21
 6 21 6 2 21 2
 6 21 6 12 12 26
 6 21 6 26 15 14
 6 21 6 25 12 12
 6 21 6 15 14 15
 6 21 15 15 14 15
 6 21 14 14 6 13
 6 21 14 6 25 25
 6 7 6 13 9 12
 6 7 6 7 6 13
 6 7 18 18 14 18
 6 7 2 13 9 12
 6 25 5 13 13 13
 6 25 25 25 2 2
 6 25 25 25 25 21
 6 25 25 25 25 25
 6 25 25 25 25 13
 6 25 25 25 25 26
 6 25 25 25 25 15
 6 25 25 25 6 23
 6 25 25 6 23 13
 6 25 25 6 23 2
 6 25 25 21 13 13
 6 25 25 21 21 21
 6 25 25 26 15 14
 6 25 25 26 26 15
 6 25 25 13 25 6
 6 25 25 15 14 26
 6 25 25 12 12 12
 6 25 13 25 6 2
 6 25 13 25 6 13
 6 25 13 6 25 25
 6 25 13 9 12 6
 6 25 14 25 13 6
 6 25 14 21 21 21
 6 25 6 23 2 9
 6 25 6 23 21 13
 6 25 6 23 12 15
 6 25 15 14 15 14
 6 25 15 14 15 25
 6 25 15 14 15 15
 6 25 15 14 15 13
 6 25 15 15 2 2
 6 25 21 13 12 12
 6 25 21 21 12 25
 6 25 2 13 25 6
 6 25 26 15 15 15
 6 25 12 12 12 25
 6 25 12 12 12 12
 6 25 12 25 25 12
 6 25 12 25 12 25
 6 25 12 15 14 12
 6 26 15 15 26 15
 6 26 15 15 15 2
 6 26 15 15 15 26
 6 26 15 15 15 14
 6 26 15 15 15 15
 6 26 15 15 15 13
 6 26 15 26 15 15
 6 26 15 26 15 14
 6 26 15 2 2 2
 6 26 15 14 13 25
 6 26 15 14 2 12
 6 26 15 14 26 26
 6 26 15 14 15 26
 6 26 15 14 15 15
 6 26 15 14 25 12
 6 26 15 14 25 25
 6 26 26 15 14 25
 6 26 26 15 14 26
 6 26 26 15 14 15
 6 26 26 26 15 14
 6 26 13 14 6 25
 6 6 6 13 9 14
 6 6 6 13 9 9
 6 6 6 21 21 21
 6 6 6 6 6 6
 6 6 6 6 6 8
 6 6 6 6 8 8
 6 6 6 8 8 8
 6 6 13 9 14 13
 6 6 13 9 9 12
 6 6 13 2 21 13
 6 6 13 2 2 21
 6 6 14 6 21 13
 6 6 14 14 14 14
 6 6 25 25 25 2
 6 6 25 25 25 25
 6 6 21 21 21 21
 6 6 21 25 2 12
 6 6 21 25 25 13
 6 6 21 2 21 13
 6 6 7 18 18 14
 6 6 8 8 8 8
 6 9 25 26 15 15
 6 9 25 6 23 2
 6 23 2 9 14 9
 6 23 13 12 5 25
 6 23 13 21 25 5
 6 23 21 13 9 12
 6 23 12 15 26 15
 6 15 14 25 17 25
 6 15 14 25 12 5
 6 15 14 25 25 25
 6 15 14 25 26 26
 6 15 14 15 15 14
 6 15 14 15 15 15
 6 15 14 15 15 13
 6 15 14 15 26 15
 6 15 14 15 14 26
 6 15 14 15 14 15
 6 15 14 15 25 25
 6 15 14 15 25 15
 6 15 14 15 13 25
 6 15 14 21 21 25
 6 15 14 26 26 15
 6 15 14 13 25 6
 6 15 14 12 12 12
 6 15 15 2 2 2
 6 15 15 14 5 15
 6 15 15 14 15 15
 6 15 15 14 15 13
 6 15 15 15 15 15
 6 15 15 15 15 13
 6 15 15 15 15 25
 6 15 15 15 25 15
 6 15 15 13 25 6
 6 15 15 25 15 14
 6 15 15 25 15 15
 6 15 2 2 2 13
 6 15 26 15 15 26
 6 15 26 15 15 15
 6 15 26 15 15 14
 6 15 26 15 13 25
 6 15 13 25 6 13
 6 15 13 25 6 15
 6 15 25 15 14 15
 6 15 21 21 25 15
 6 24 26 15 15 26
 6 27 27 27 27 27
 6 8 8 8 8 8
 5 21 13 9 12 12
 5 21 21 21 21 21
 5 21 2 2 21 2
 5 6 21 2 2 13
 5 6 6 14 14 14
 5 13 13 13 13 13
 5 13 9 12 14 14
 5 13 21 21 21 21
 5 13 21 13 9 9
 5 13 25 6 13 25
 5 12 12 21 21 13
 5 12 12 12 21 21
 5 12 5 12 5 12
 5 12 5 12 5 25
 5 12 5 12 5 5
 5 12 5 12 5 13
 5 12 5 25 5 12
 5 12 5 25 21 21
 5 12 5 5 26 15
 5 12 5 15 14 15
 5 12 5 13 13 13
 5 25 12 12 13 9
 5 25 12 5 21 2
 5 25 12 5 12 5
 5 25 21 21 12 12
 5 25 21 21 12 5
 5 25 5 12 5 12
 5 25 25 25 25 14
 5 25 25 25 13 9
 5 25 25 15 14 15
 5 25 25 12 25 26
 5 2 13 14 12 12
 5 7 18 18 14 18
 5 15 14 25 21 21
 5 15 14 25 5 15
 5 15 14 15 12 12
 5 15 14 15 14 15
 5 15 14 15 15 14
 5 15 14 15 26 15
 5 15 26 26 13 9
 5 5 26 15 14 15
 5 5 25 12 5 12
 5 26 15 14 15 15
 5 26 15 14 25 25
 5 26 26 15 14 25
 7 6 7 6 13 9
 7 6 13 9 12 14
 7 2 13 9 12 14
 7 18 18 14 18 14
 25 13 9 12 6 13
 25 13 9 12 6 25
 25 13 9 12 9 14
 25 13 9 12 14 6
 25 13 2 2 25 21
 25 13 14 9 12 12
 25 13 14 6 12 21
 25 13 14 6 12 15
 25 13 14 6 13 25
 25 13 14 6 15 14
 25 13 25 6 2 21
 25 13 25 6 2 2
 25 13 25 6 2 13
 25 13 25 6 21 21
 25 13 25 6 21 13
 25 13 25 6 13 25
 25 13 25 6 13 14
 25 13 25 6 25 25
 25 13 25 6 25 12
 25 13 25 6 12 13
 25 13 25 6 12 12
 25 13 25 6 12 25
 25 13 25 6 15 14
 25 13 25 6 26 15
 25 13 25 25 2 25
 25 13 6 25 6 23
 25 13 6 25 25 6
 25 13 6 25 25 25
 25 13 6 9 25 6
 25 13 13 13 13 13
 25 13 13 13 9 12
 25 5 13 13 13 13
 25 5 12 5 12 5
 25 5 15 14 15 12
 25 5 5 25 12 5
 25 26 15 15 15 26
 25 26 15 15 15 15
 25 26 15 15 15 13
 25 26 15 15 14 15
 25 26 15 14 25 25
 25 26 15 14 25 13
 25 26 15 14 15 15
 25 26 15 14 15 26
 25 26 15 14 12 12
 25 26 15 14 13 25
 25 26 15 14 13 14
 25 26 15 14 26 12
 25 26 13 25 6 13
 25 26 26 15 15 15
 25 26 26 15 14 25
 25 26 26 15 14 15
 25 26 26 26 26 26
 25 26 26 26 26 15
 25 26 26 26 15 14
 25 26 26 13 25 6
 25 26 21 21 26 15
 25 26 25 25 25 26
 25 25 25 25 25 25
 25 25 25 25 25 6
 25 25 25 25 25 12
 25 25 25 25 25 9
 25 25 25 25 25 2
 25 25 25 25 25 13
 25 25 25 25 25 15
 25 25 25 25 25 26
 25 25 25 25 6 21
 25 25 25 25 6 13
 25 25 25 25 6 23
 25 25 25 25 6 2
 25 25 25 25 21 2
 25 25 25 25 21 13
 25 25 25 25 14 25
 25 25 25 25 14 2
 25 25 25 25 12 9
 25 25 25 25 12 14
 25 25 25 25 12 12
 25 25 25 25 12 25
 25 25 25 25 12 5
 25 25 25 25 12 21
 25 25 25 25 9 9
 25 25 25 25 9 14
 25 25 25 25 2 21
 25 25 25 25 13 25
 25 25 25 25 13 9
 25 25 25 25 15 14
 25 25 25 25 15 15
 25 25 25 25 26 26
 25 25 25 25 26 15
 25 25 25 6 21 12
 25 25 25 6 13 14
 25 25 25 6 23 2
 25 25 25 6 23 13
 25 25 25 6 2 21
 25 25 25 2 2 21
 25 25 25 2 21 13
 25 25 25 21 13 21
 25 25 25 21 13 9
 25 25 25 21 2 21
 25 25 25 21 21 21
 25 25 25 13 14 9
 25 25 25 13 14 6
 25 25 25 13 25 6
 25 25 25 13 9 12
 25 25 25 14 25 13
 25 25 25 14 2 2
 25 25 25 12 9 9
 25 25 25 12 14 25
 25 25 25 12 12 12
 25 25 25 12 12 13
 25 25 25 12 12 15
 25 25 25 12 12 25
 25 25 25 12 25 25
 25 25 25 12 5 25
 25 25 25 12 21 21
 25 25 25 9 9 9
 25 25 25 9 9 14
 25 25 25 9 14 25
 25 25 25 15 14 15
 25 25 25 15 14 12
 25 25 25 15 14 21
 25 25 25 15 14 25
 25 25 25 15 15 14
 25 25 25 15 15 15
 25 25 25 26 26 15
 25 25 25 26 15 14
 25 25 25 26 15 15
 25 25 25 26 25 25
 25 25 6 21 12 12
 25 25 6 13 14 9
 25 25 6 23 13 12
 25 25 6 23 13 21
 25 25 6 23 2 9
 25 25 6 15 14 15
 25 25 6 2 21 13
 25 25 12 12 13 14
 25 25 12 12 13 25
 25 25 12 12 12 12
 25 25 12 12 12 25
 25 25 12 12 15 14
 25 25 12 12 25 25
 25 25 12 9 9 14
 25 25 12 14 25 13
 25 25 12 25 25 25
 25 25 12 25 25 21
 25 25 12 25 25 12
 25 25 12 25 26 15
 25 25 12 25 15 14
 25 25 12 15 14 25
 25 25 12 15 14 21
 25 25 12 5 25 25
 25 25 12 21 21 25
 25 25 12 13 21 21
 25 25 2 2 21 6
 25 25 2 25 14 6
 25 25 2 21 13 9
 25 25 14 25 25 25
 25 25 14 25 13 6
 25 25 14 2 2 2
 25 25 21 13 21 13
 25 25 21 13 9 12
 25 25 21 13 13 21
 25 25 21 2 21 13
 25 25 21 21 21 21
 25 25 21 21 25 25
 25 25 13 14 9 12
 25 25 13 14 6 12
 25 25 13 9 12 9
 25 25 13 9 12 14
 25 25 13 9 12 6
 25 25 13 25 6 2
 25 25 13 25 6 21
 25 25 13 25 6 13
 25 25 13 25 6 25
 25 25 13 25 6 12
 25 25 13 25 6 15
 25 25 13 25 6 26
 25 25 9 9 9 14
 25 25 9 9 14 25
 25 25 9 14 25 14
 25 25 15 14 15 15
 25 25 15 14 15 26
 25 25 15 14 15 14
 25 25 15 14 15 25
 25 25 15 14 25 15
 25 25 15 14 25 25
 25 25 15 14 25 13
 25 25 15 14 26 26
 25 25 15 14 12 12
 25 25 15 14 13 25
 25 25 15 14 21 21
 25 25 15 15 14 13
 25 25 15 15 15 15
 25 25 15 26 26 15
 25 25 15 25 25 15
 25 25 17 19 17 25
 25 25 26 15 14 25
 25 25 26 15 14 15
 25 25 26 15 14 13
 25 25 26 15 14 26
 25 25 26 15 15 15
 25 25 26 26 15 15
 25 25 26 26 15 14
 25 25 26 25 25 25
 25 6 21 12 12 5
 25 6 21 13 12 6
 25 6 21 13 13 21
 25 6 21 21 21 2
 25 6 2 13 14 14
 25 6 2 13 6 13
 25 6 2 13 25 6
 25 6 2 21 21 2
 25 6 2 21 13 13
 25 6 2 21 13 21
 25 6 2 2 2 13
 25 6 13 14 9 12
 25 6 13 14 6 25
 25 6 13 14 6 12
 25 6 13 13 13 9
 25 6 13 21 21 21
 25 6 13 21 13 12
 25 6 13 25 6 13
 25 6 13 25 6 21
 25 6 13 25 6 14
 25 6 13 25 6 12
 25 6 13 25 6 5
 25 6 13 25 6 15
 25 6 13 25 6 26
 25 6 13 25 6 25
 25 6 25 13 25 6
 25 6 25 25 21 13
 25 6 25 25 21 21
 25 6 25 25 13 25
 25 6 25 25 25 25
 25 6 25 25 15 14
 25 6 25 25 12 12
 25 6 25 25 26 15
 25 6 25 15 14 15
 25 6 25 15 15 2
 25 6 25 21 13 12
 25 6 25 21 21 12
 25 6 25 2 13 25
 25 6 25 26 15 15
 25 6 25 12 25 25
 25 6 25 12 25 12
 25 6 25 12 12 12
 25 6 23 2 9 14
 25 6 23 13 12 5
 25 6 23 13 21 25
 25 6 23 21 13 9
 25 6 23 12 15 26
 25 6 15 14 15 15
 25 6 15 14 15 26
 25 6 15 14 15 14
 25 6 15 14 15 25
 25 6 15 14 15 13
 25 6 15 14 25 26
 25 6 15 14 13 25
 25 6 15 26 15 15
 25 6 15 26 15 13
 25 6 15 13 25 6
 25 6 15 15 13 25
 25 6 15 15 15 15
 25 6 15 15 15 25
 25 6 15 15 25 15
 25 6 15 15 14 15
 25 6 15 25 15 14
 25 6 15 21 21 25
 25 6 14 2 2 2
 25 6 12 2 2 2
 25 6 12 13 25 6
 25 6 12 12 26 15
 25 6 12 25 25 13
 25 6 12 25 25 25
 25 6 5 13 21 13
 25 6 26 26 15 14
 25 6 26 26 26 15
 25 6 26 15 14 13
 25 6 26 15 14 2
 25 6 26 15 14 26
 25 6 26 15 14 15
 25 6 26 15 14 25
 25 6 26 15 15 26
 25 6 26 15 15 15
 25 6 26 13 14 6
 25 6 27 27 27 27
 25 12 5 25 12 12
 25 12 5 25 25 25
 25 12 5 25 25 12
 25 12 5 21 2 2
 25 12 5 12 12 12
 25 12 5 12 5 12
 25 12 5 12 5 15
 25 12 5 26 15 14
 25 12 12 13 9 14
 25 12 12 13 14 6
 25 12 12 13 25 6
 25 12 12 12 12 12
 25 12 12 12 12 25
 25 12 12 12 12 15
 25 12 12 12 25 25
 25 12 12 25 25 25
 25 12 12 25 25 12
 25 12 12 15 14 12
 25 12 12 15 14 15
 25 12 13 14 9 12
 25 12 13 21 21 21
 25 12 9 9 14 9
 25 12 21 21 21 21
 25 12 21 21 21 2
 25 12 21 21 21 26
 25 12 21 21 25 25
 25 12 21 12 25 25
 25 12 21 2 2 2
 25 12 19 17 25 17
 25 12 14 25 13 6
 25 12 25 15 14 25
 25 12 25 15 14 2
 25 12 25 25 25 25
 25 12 25 25 25 15
 25 12 25 25 25 12
 25 12 25 25 12 12
 25 12 25 25 12 25
 25 12 25 25 21 21
 25 12 25 26 15 14
 25 12 25 12 25 26
 25 12 25 12 25 12
 25 12 25 12 25 25
 25 12 15 14 25 26
 25 12 15 14 21 21
 25 12 15 14 12 15
 25 12 15 14 15 15
 25 19 17 25 17 19
 25 19 19 19 19 19
 25 17 19 25 2 2
 25 17 19 17 25 17
 25 17 25 17 25 15
 25 17 25 15 14 15
 25 17 25 14 25 13
 25 17 2 21 21 13
 25 2 2 21 2 21
 25 2 2 21 6 21
 25 2 2 2 21 2
 25 2 2 2 2 2
 25 2 2 2 13 9
 25 2 12 25 13 2
 25 2 6 21 21 13
 25 2 21 13 13 6
 25 2 21 13 9 9
 25 2 25 14 6 24
 25 2 13 25 6 26
 25 2 13 25 6 15
 25 14 25 14 25 14
 25 14 25 14 25 12
 25 14 25 14 25 15
 25 14 25 14 25 2
 25 14 25 14 6 6
 25 14 25 25 25 25
 25 14 25 13 6 25
 25 14 25 13 6 9
 25 14 25 13 25 25
 25 14 25 12 5 12
 25 14 25 15 14 13
 25 14 25 2 21 13
 25 14 6 6 25 25
 25 14 6 24 26 15
 25 14 21 21 21 25
 25 14 2 2 2 13
 25 21 2 21 13 21
 25 21 13 21 13 21
 25 21 13 9 12 6
 25 21 13 13 21 21
 25 21 13 12 12 12
 25 21 21 21 21 21
 25 21 21 21 21 13
 25 21 21 21 21 25
 25 21 21 21 2 2
 25 21 21 21 14 2
 25 21 21 12 12 5
 25 21 21 12 5 13
 25 21 21 12 25 25
 25 21 21 12 13 25
 25 21 21 13 9 12
 25 21 21 13 14 6
 25 21 21 13 25 6
 25 21 21 26 12 12
 25 21 21 25 25 13
 25 21 21 15 14 15
 25 9 9 9 14 25
 25 9 9 14 25 14
 25 9 14 25 14 25
 25 15 14 15 14 15
 25 15 14 15 14 25
 25 15 14 15 14 26
 25 15 14 15 15 21
 25 15 14 15 15 14
 25 15 14 15 15 15
 25 15 14 15 15 12
 25 15 14 15 15 25
 25 15 14 15 15 26
 25 15 14 15 26 15
 25 15 14 15 26 26
 25 15 14 15 25 15
 25 15 14 15 25 25
 25 15 14 15 25 26
 25 15 14 15 25 13
 25 15 14 15 25 12
 25 15 14 15 13 25
 25 15 14 15 21 21
 25 15 14 15 12 25
 25 15 14 15 12 15
 25 15 14 25 25 15
 25 15 14 25 25 25
 25 15 14 25 25 13
 25 15 14 25 15 14
 25 15 14 25 15 15
 25 15 14 25 13 25
 25 15 14 25 13 14
 25 15 14 13 14 6
 25 15 14 13 25 6
 25 15 14 26 26 26
 25 15 14 26 26 25
 25 15 14 12 12 12
 25 15 14 12 12 26
 25 15 14 21 21 25
 25 15 14 2 13 25
 25 15 26 25 13 25
 25 15 26 26 15 14
 25 15 15 14 26 15
 25 15 15 14 26 26
 25 15 15 14 25 15
 25 15 15 14 15 26
 25 15 15 14 15 15
 25 15 15 14 15 25
 25 15 15 14 13 25
 25 15 15 2 2 2
 25 15 15 15 15 15
 25 15 15 15 15 14
 25 15 15 15 15 25
 25 15 15 15 14 15
 25 15 15 15 25 15
 25 15 15 25 15 12
 25 15 15 25 15 15
 25 15 15 25 15 14
 25 15 15 25 25 15
 25 15 15 13 13 13
 25 15 25 25 15 14
 25 15 25 15 14 15
 25 15 12 25 15 14
 10 12 6 13 9 12
 26 15 15 26 15 26
 26 15 15 26 15 15
 26 15 15 26 15 2
 26 15 15 15 26 15
 26 15 15 15 26 26
 26 15 15 15 26 13
 26 15 15 15 15 15
 26 15 15 15 15 26
 26 15 15 15 15 21
 26 15 15 15 15 14
 26 15 15 15 15 12
 26 15 15 15 15 25
 26 15 15 15 15 13
 26 15 15 15 25 26
 26 15 15 15 25 25
 26 15 15 15 25 15
 26 15 15 15 25 6
 26 15 15 15 2 2
 26 15 15 15 13 9
 26 15 15 15 13 25
 26 15 15 15 12 12
 26 15 15 15 12 25
 26 15 15 15 14 25
 26 15 15 15 14 21
 26 15 15 15 14 15
 26 15 15 15 14 26
 26 15 15 2 2 12
 26 15 15 2 2 21
 26 15 15 2 2 2
 26 15 15 14 15 15
 26 15 15 14 15 26
 26 15 15 14 15 14
 26 15 15 14 15 25
 26 15 15 14 21 21
 26 15 15 14 25 25
 26 15 15 14 25 26
 26 15 15 14 25 15
 26 15 15 14 26 15
 26 15 15 14 26 26
 26 15 15 14 2 13
 26 15 15 14 13 25
 26 15 15 14 13 14
 26 15 15 25 25 15
 26 15 15 25 15 14
 26 15 15 13 25 6
 26 15 26 15 15 26
 26 15 26 15 15 14
 26 15 26 15 15 15
 26 15 26 15 26 26
 26 15 26 15 14 25
 26 15 26 15 14 13
 26 15 26 15 14 15
 26 15 26 26 26 15
 26 15 26 26 15 14
 26 15 14 15 15 2
 26 15 14 15 15 26
 26 15 14 15 15 15
 26 15 14 15 15 14
 26 15 14 15 26 15
 26 15 14 15 26 26
 26 15 14 15 14 15
 26 15 14 15 25 26
 26 15 14 25 25 13
 26 15 14 25 25 25
 26 15 14 25 25 26
 26 15 14 25 26 21
 26 15 14 25 26 26
 26 15 14 25 2 13
 26 15 14 25 12 12
 26 15 14 25 13 25
 26 15 14 13 25 6
 26 15 14 13 14 6
 26 15 14 26 15 15
 26 15 14 26 15 14
 26 15 14 26 26 26
 26 15 14 26 12 12
 26 15 14 2 12 13
 26 15 14 12 12 12
 26 15 2 2 2 13
 26 15 25 25 25 25
 26 15 25 15 14 15
 26 15 13 25 6 13
 26 15 12 15 15 15
 26 15 12 12 12 12
 26 21 21 5 15 26
 26 21 21 26 15 15
 26 26 13 9 12 6
 26 26 13 25 6 26
 26 26 14 14 25 2
 26 26 15 14 25 25
 26 26 15 14 25 26
 26 26 15 14 25 2
 26 26 15 14 26 15
 26 26 15 14 15 26
 26 26 15 14 15 15
 26 26 15 15 15 26
 26 26 15 15 15 15
 26 26 15 26 15 15
 26 26 15 26 15 26
 26 26 15 26 15 14
 26 26 26 12 26 26
 26 26 26 26 15 14
 26 26 26 26 15 26
 26 26 26 26 15 15
 26 26 26 26 26 25
 26 26 26 26 26 15
 26 26 26 26 26 26
 26 26 26 26 25 26
 26 26 26 26 25 25
 26 26 26 15 14 25
 26 26 26 15 14 15
 26 26 26 15 26 15
 26 26 26 15 15 15
 26 26 26 25 25 25
 26 26 26 25 26 26
 26 26 26 25 26 25
 26 26 12 26 26 15
 26 26 25 13 25 6
 26 26 25 25 25 25
 26 26 25 25 25 26
 26 26 25 26 26 26
 26 26 25 26 26 13
 26 26 25 26 25 25
 26 13 9 12 6 13
 26 13 9 12 6 26
 26 13 25 6 13 25
 26 13 25 6 26 15
 26 13 14 6 25 25
 26 14 14 25 2 2
 26 25 13 25 6 21
 26 25 13 25 6 12
 26 25 25 25 25 13
 26 25 25 25 25 26
 26 25 25 25 26 15
 26 25 25 25 26 25
 26 25 26 26 26 15
 26 25 26 26 13 25
 26 25 26 25 25 25
 26 12 26 26 15 15
 26 12 12 26 15 14
 26 12 12 12 12 25
 15 15 26 15 26 15
 15 15 26 15 26 26
 15 15 26 15 15 26
 15 15 26 15 15 15
 15 15 26 15 15 2
 15 15 26 15 15 14
 15 15 26 15 14 15
 15 15 26 15 2 2
 15 15 26 15 25 25
 15 15 26 15 25 15
 15 15 26 26 14 14
 15 15 26 26 15 15
 15 15 26 26 15 14
 15 15 26 26 26 12
 15 15 26 26 26 26
 15 15 26 26 26 15
 15 15 26 13 9 12
 15 15 15 26 15 15
 15 15 15 26 15 14
 15 15 15 26 15 26
 15 15 15 26 26 14
 15 15 15 26 26 15
 15 15 15 26 26 26
 15 15 15 26 13 9
 15 15 15 15 15 15
 15 15 15 15 15 26
 15 15 15 15 15 13
 15 15 15 15 15 9
 15 15 15 15 15 14
 15 15 15 15 15 2
 15 15 15 15 15 25
 15 15 15 15 15 12
 15 15 15 15 15 27
 15 15 15 15 26 15
 15 15 15 15 26 26
 15 15 15 15 13 2
 15 15 15 15 13 25
 15 15 15 15 13 9
 15 15 15 15 13 13
 15 15 15 15 9 25
 15 15 15 15 25 25
 15 15 15 15 25 15
 15 15 15 15 25 13
 15 15 15 15 25 26
 15 15 15 15 14 25
 15 15 15 15 14 15
 15 15 15 15 14 26
 15 15 15 15 14 13
 15 15 15 15 14 21
 15 15 15 15 14 2
 15 15 15 15 2 2
 15 15 15 15 2 13
 15 15 15 15 21 21
 15 15 15 15 12 5
 15 15 15 15 12 15
 15 15 15 15 12 12
 15 15 15 15 12 26
 15 15 15 15 12 13
 15 15 15 15 27 27
 15 15 15 25 26 15
 15 15 15 25 26 26
 15 15 15 25 25 15
 15 15 15 25 25 26
 15 15 15 25 25 25
 15 15 15 25 15 14
 15 15 15 25 15 15
 15 15 15 25 15 25
 15 15 15 25 13 25
 15 15 15 25 13 13
 15 15 15 25 6 27
 15 15 15 2 2 2
 15 15 15 2 13 25
 15 15 15 13 2 2
 15 15 15 13 9 12
 15 15 15 13 9 14
 15 15 15 13 25 6
 15 15 15 13 13 14
 15 15 15 9 25 25
 15 15 15 12 12 15
 15 15 15 12 12 12
 15 15 15 12 12 25
 15 15 15 12 12 26
 15 15 15 12 5 26
 15 15 15 12 25 25
 15 15 15 12 15 14
 15 15 15 12 15 15
 15 15 15 12 26 15
 15 15 15 12 13 25
 15 15 15 14 25 2
 15 15 15 14 25 25
 15 15 15 14 25 26
 15 15 15 14 25 21
 15 15 15 14 25 13
 15 15 15 14 25 15
 15 15 15 14 21 21
 15 15 15 14 15 14
 15 15 15 14 15 15
 15 15 15 14 15 26
 15 15 15 14 15 25
 15 15 15 14 15 13
 15 15 15 14 26 15
 15 15 15 14 26 25
 15 15 15 14 26 26
 15 15 15 14 12 5
 15 15 15 14 2 13
 15 15 15 14 13 25
 15 15 15 21 21 12
 15 15 15 27 27 27
 15 15 25 26 15 15
 15 15 25 26 15 14
 15 15 25 26 26 15
 15 15 25 25 15 14
 15 15 25 25 15 26
 15 15 25 25 15 25
 15 15 25 25 26 15
 15 15 25 25 26 26
 15 15 25 25 25 15
 15 15 25 25 25 25
 15 15 25 25 25 13
 15 15 25 15 14 15
 15 15 25 15 15 15
 15 15 25 15 15 14
 15 15 25 15 15 13
 15 15 25 15 15 25
 15 15 25 15 25 15
 15 15 25 15 12 25
 15 15 25 13 25 6
 15 15 25 13 13 13
 15 15 25 12 15 14
 15 15 25 6 27 27
 15 15 2 2 2 2
 15 15 2 2 2 13
 15 15 2 2 12 12
 15 15 2 2 21 2
 15 15 2 13 25 6
 15 15 13 2 2 2
 15 15 13 9 12 6
 15 15 13 9 14 6
 15 15 13 25 6 13
 15 15 13 25 6 26
 15 15 13 25 6 2
 15 15 13 25 6 25
 15 15 13 25 6 15
 15 15 13 13 13 9
 15 15 13 13 14 9
 15 15 9 25 25 12
 15 15 21 21 12 5
 15 15 21 21 12 12
 15 15 21 21 15 14
 15 15 21 21 25 15
 15 15 14 5 15 14
 15 15 14 15 15 14
 15 15 14 15 15 15
 15 15 14 15 15 25
 15 15 14 15 15 12
 15 15 14 15 15 2
 15 15 14 15 15 26
 15 15 14 15 15 21
 15 15 14 15 15 13
 15 15 14 15 14 15
 15 15 14 15 14 5
 15 15 14 15 14 25
 15 15 14 15 14 26
 15 15 14 15 26 15
 15 15 14 15 26 26
 15 15 14 15 12 15
 15 15 14 15 25 25
 15 15 14 15 25 15
 15 15 14 15 25 26
 15 15 14 15 13 25
 15 15 14 15 13 14
 15 15 14 15 21 21
 15 15 14 25 15 14
 15 15 14 25 15 15
 15 15 14 25 12 21
 15 15 14 25 2 2
 15 15 14 25 25 13
 15 15 14 25 25 25
 15 15 14 25 25 15
 15 15 14 25 25 12
 15 15 14 25 26 13
 15 15 14 25 26 26
 15 15 14 25 26 15
 15 15 14 25 21 21
 15 15 14 25 13 14
 15 15 14 21 21 15
 15 15 14 21 21 21
 15 15 14 21 21 25
 15 15 14 21 21 13
 15 15 14 21 13 21
 15 15 14 26 15 14
 15 15 14 26 15 26
 15 15 14 26 15 15
 15 15 14 26 26 15
 15 15 14 26 26 25
 15 15 14 26 26 26
 15 15 14 26 25 25
 15 15 14 12 5 25
 15 15 14 12 5 12
 15 15 14 12 12 12
 15 15 14 12 21 21
 15 15 14 12 15 15
 15 15 14 13 25 6
 15 15 14 13 14 6
 15 15 14 2 13 25
 15 15 12 12 15 14
 15 15 12 12 15 15
 15 15 12 12 12 12
 15 15 12 12 12 15
 15 15 12 12 25 12
 15 15 12 12 25 15
 15 15 12 12 26 15
 15 15 12 5 26 26
 15 15 12 25 25 25
 15 15 12 25 25 15
 15 15 12 25 13 14
 15 15 12 15 14 15
 15 15 12 15 15 15
 15 15 12 15 15 25
 15 15 12 26 15 14
 15 15 12 13 25 6
 15 15 27 27 27 27
 15 26 15 26 15 15
 15 26 15 26 15 14
 15 26 15 26 26 26
 15 26 15 26 26 15
 15 26 15 15 26 15
 15 26 15 15 15 26
 15 26 15 15 15 15
 15 26 15 15 15 25
 15 26 15 15 15 2
 15 26 15 15 15 13
 15 26 15 15 15 12
 15 26 15 15 15 14
 15 26 15 15 2 2
 15 26 15 15 14 15
 15 26 15 15 14 21
 15 26 15 15 14 25
 15 26 15 15 14 26
 15 26 15 15 14 2
 15 26 15 15 14 13
 15 26 15 15 25 25
 15 26 15 15 25 15
 15 26 15 15 13 25
 15 26 15 14 15 14
 15 26 15 14 15 15
 15 26 15 14 15 26
 15 26 15 14 15 25
 15 26 15 14 25 25
 15 26 15 14 13 25
 15 26 15 2 2 2
 15 26 15 25 25 25
 15 26 15 25 15 14
 15 26 15 13 25 6
 15 26 26 13 9 12
 15 26 26 14 14 25
 15 26 26 15 15 15
 15 26 26 15 14 15
 15 26 26 26 12 26
 15 26 26 26 26 15
 15 26 26 26 26 26
 15 26 26 26 15 14
 15 26 26 26 15 26
 15 26 25 13 25 6
 15 26 13 9 12 6
 15 25 26 15 15 15
 15 25 26 15 15 14
 15 25 26 15 14 15
 15 25 26 26 15 14
 15 25 25 15 14 15
 15 25 25 15 26 26
 15 25 25 15 25 25
 15 25 25 25 25 13
 15 25 25 25 25 25
 15 25 25 25 25 12
 15 25 25 25 25 15
 15 25 25 25 25 26
 15 25 25 25 15 14
 15 25 25 25 13 14
 15 25 25 26 15 15
 15 25 25 26 26 15
 15 25 15 14 15 15
 15 25 15 14 15 25
 15 25 15 14 15 14
 15 25 15 14 15 13
 15 25 15 14 15 12
 15 25 15 15 15 15
 15 25 15 15 15 14
 15 25 15 15 15 25
 15 25 15 15 14 15
 15 25 15 15 25 15
 15 25 15 15 25 25
 15 25 15 15 13 13
 15 25 15 25 15 14
 15 25 15 12 25 15
 15 25 13 25 6 13
 15 25 13 14 6 15
 15 25 13 13 13 9
 15 25 12 15 14 15
 15 25 6 27 27 27
 15 2 2 2 2 2
 15 2 2 2 13 9
 15 2 2 12 12 21
 15 2 2 21 2 6
 15 2 13 25 6 25
 15 2 13 25 6 13
 15 13 2 2 2 2
 15 13 9 12 6 2
 15 13 9 12 6 13
 15 13 9 14 6 5
 15 13 25 6 13 25
 15 13 25 6 26 15
 15 13 25 6 2 2
 15 13 25 6 25 2
 15 13 25 6 25 15
 15 13 25 6 15 14
 15 13 25 6 15 13
 15 13 25 6 15 25
 15 13 25 6 15 15
 15 13 25 6 15 21
 15 13 25 6 15 26
 15 13 13 13 9 12
 15 13 13 14 9 12
 15 13 14 6 15 14
 15 9 25 25 12 12
 15 14 25 17 25 17
 15 14 25 21 21 13
 15 14 25 21 21 12
 15 14 25 21 21 26
 15 14 25 21 21 15
 15 14 25 12 5 12
 15 14 25 12 21 21
 15 14 25 12 12 12
 15 14 25 5 15 14
 15 14 25 15 14 15
 15 14 25 15 14 25
 15 14 25 15 15 14
 15 14 25 25 15 14
 15 14 25 25 13 25
 15 14 25 25 25 25
 15 14 25 25 25 13
 15 14 25 25 25 15
 15 14 25 25 25 12
 15 14 25 25 26 15
 15 14 25 25 12 15
 15 14 25 13 13 13
 15 14 25 13 25 6
 15 14 25 13 14 6
 15 14 25 2 2 2
 15 14 25 2 13 25
 15 14 25 26 13 25
 15 14 25 26 21 21
 15 14 25 26 26 26
 15 14 25 26 26 15
 15 14 25 26 15 14
 15 14 15 14 15 15
 15 14 15 14 15 14
 15 14 15 14 15 26
 15 14 15 14 15 21
 15 14 15 14 15 25
 15 14 15 14 5 15
 15 14 15 14 12 15
 15 14 15 14 25 15
 15 14 15 14 25 13
 15 14 15 14 25 25
 15 14 15 14 26 15
 15 14 15 14 26 26
 15 14 15 15 15 15
 15 14 15 15 15 14
 15 14 15 15 15 25
 15 14 15 15 15 12
 15 14 15 15 15 13
 15 14 15 15 15 26
 15 14 15 15 21 21
 15 14 15 15 2 2
 15 14 15 15 2 13
 15 14 15 15 14 15
 15 14 15 15 14 25
 15 14 15 15 14 21
 15 14 15 15 14 26
 15 14 15 15 14 12
 15 14 15 15 14 13
 15 14 15 15 26 15
 15 14 15 15 25 15
 15 14 15 15 25 25
 15 14 15 15 25 12
 15 14 15 15 12 12
 15 14 15 15 12 25
 15 14 15 15 13 25
 15 14 15 12 12 15
 15 14 15 12 15 14
 15 14 15 12 25 25
 15 14 15 26 15 15
 15 14 15 26 15 25
 15 14 15 26 15 26
 15 14 15 26 15 14
 15 14 15 26 26 15
 15 14 15 26 26 26
 15 14 15 25 15 14
 15 14 15 25 15 15
 15 14 15 25 15 25
 15 14 15 25 25 15
 15 14 15 25 25 25
 15 14 15 25 26 15
 15 14 15 25 26 26
 15 14 15 25 13 14
 15 14 15 25 12 15
 15 14 15 13 25 6
 15 14 15 13 14 6
 15 14 15 21 21 25
 15 14 15 21 21 15
 15 14 5 15 14 25
 15 14 5 15 14 15
 15 14 12 15 14 15
 15 14 12 15 14 12
 15 14 12 15 15 14
 15 14 12 5 25 25
 15 14 12 5 12 5
 15 14 12 12 12 12
 15 14 12 12 12 25
 15 14 12 12 26 26
 15 14 12 12 25 25
 15 14 12 25 25 25
 15 14 12 25 12 12
 15 14 12 25 15 14
 15 14 12 21 21 25
 15 14 13 14 6 13
 15 14 13 14 6 15
 15 14 13 14 6 12
 15 14 13 25 6 25
 15 14 13 25 6 13
 15 14 21 21 15 14
 15 14 21 21 21 21
 15 14 21 21 21 25
 15 14 21 21 25 21
 15 14 21 21 25 12
 15 14 21 21 25 13
 15 14 21 21 25 25
 15 14 21 21 25 15
 15 14 21 21 13 25
 15 14 21 13 21 21
 15 14 26 15 14 15
 15 14 26 15 14 25
 15 14 26 15 26 15
 15 14 26 15 15 15
 15 14 26 15 15 26
 15 14 26 26 15 14
 15 14 26 26 15 26
 15 14 26 26 25 13
 15 14 26 26 25 25
 15 14 26 26 26 25
 15 14 26 26 26 15
 15 14 26 26 26 26
 15 14 26 25 25 25
 15 14 26 12 12 12
 15 14 2 13 25 6
 15 14 2 12 13 25
 15 21 21 12 5 25
 15 21 21 12 12 14
 15 21 21 12 12 25
 15 21 21 15 14 15
 15 21 21 25 15 14
 15 12 12 15 14 15
 15 12 12 15 14 21
 15 12 12 15 15 15
 15 12 12 12 12 21
 15 12 12 12 12 12
 15 12 12 12 12 26
 15 12 12 12 15 14
 15 12 12 25 12 25
 15 12 12 25 15 14
 15 12 12 26 15 12
 15 12 5 26 26 15
 15 12 25 25 25 26
 15 12 25 25 15 14
 15 12 25 25 12 13
 15 12 25 15 14 15
 15 12 25 13 14 6
 15 12 15 14 15 25
 15 12 15 14 15 15
 15 12 15 15 15 15
 15 12 15 15 25 25
 15 12 26 15 14 15
 15 12 13 25 6 2
 15 27 27 27 27 27
 4 21 13 21 13 14
 18 18 14 18 14 18
 18 14 18 14 18 19
 18 14 18 19 17 17
 18 19 17 17 9 25
 19 17 17 9 25 19
 19 17 25 17 19 25
 19 17 25 17 19 17
 19 17 25 17 25 14
 19 17 25 17 2 21
 19 17 25 25 17 19
 19 25 2 2 21 2
 19 19 19 19 19 17
 19 19 19 19 17 25
 19 19 19 17 25 25
 19 19 17 25 25 17
 17 17 9 25 19 17
 17 17 9 25 19 19
 17 9 25 19 17 25
 17 9 25 19 19 19
 17 25 17 19 25 2
 17 25 17 19 17 25
 17 25 17 25 15 14
 17 25 17 25 14 25
 17 25 17 2 21 21
 17 25 15 14 15 14
 17 25 25 17 19 17
 17 25 14 25 13 25
 17 19 25 2 2 21
 17 19 17 25 17 19
 17 19 17 25 17 25
 17 19 17 25 17 2
 17 2 21 21 13 9
 23 9 2 9 9 23
 23 9 21 13 9 9
 23 9 21 13 9 12
 23 2 9 14 9 2
 23 13 12 5 25 12
 23 13 21 25 5 5
 23 21 13 9 12 14
 23 12 15 26 15 15
 3 11 25 2 2 2
 11 25 2 2 2 2
 24 6 6 7 18 18
 24 26 15 15 26 15
 8 8 8 8 8 27
 8 8 8 8 27 27
 8 8 8 27 27 27
 8 8 27 27 27 27
 8 27 27 27 27 27
