 2 12 13 21 13 21
 2 13 13 21 13 21
 2 13 14 9 12 12
 2 13 9 12 14 14
 2 21 13 14 9 12
 2 21 6 2 21 6
 2 21 6 2 6 13
 2 21 21 21 21 6
 2 6 13 9 12 14
 2 6 2 21 6 2
 12 13 21 13 21 13
 12 13 9 12 14 14
 12 12 6 2 13 13
 12 12 6 13 13 13
 12 12 6 13 7 6
 12 12 6 13 9 12
 12 12 6 12 12 13
 12 12 12 6 13 13
 12 12 12 6 12 12
 12 12 13 9 12 14
 12 6 2 13 13 21
 12 6 2 13 14 9
 12 6 13 13 13 13
 12 6 13 7 6 7
 12 6 13 9 12 6
 12 6 13 9 12 14
 12 6 12 12 13 9
 12 14 14 6 13 9
 12 14 14 6 13 13
 12 14 14 6 19 14
 12 14 14 14 14 6
 12 14 14 14 14 14
 12 14 13 13 13 13
 12 14 6 2 6 13
 13 21 13 21 13 21
 13 21 13 21 13 14
 13 21 13 21 13 13
 13 21 13 14 9 12
 13 21 13 13 13 13
 13 21 6 21 6 21
 13 14 9 12 12 6
 13 14 9 12 12 12
 13 14 6 2 21 13
 13 13 21 13 21 13
 13 13 21 6 21 6
 13 13 13 13 13 13
 13 13 13 13 13 9
 13 13 13 13 13 2
 13 13 13 13 13 7
 13 13 13 13 13 14
 13 13 13 13 13 21
 13 13 13 13 13 6
 13 13 13 13 9 12
 13 13 13 13 2 13
 13 13 13 13 7 18
 13 13 13 13 14 6
 13 13 13 13 21 6
 13 13 13 13 6 2
 13 13 13 9 12 6
 13 13 13 2 13 14
 13 13 13 7 18 18
 13 13 13 14 6 2
 13 13 13 21 6 21
 13 13 13 6 2 6
 13 13 9 12 6 2
 13 13 2 13 14 9
 13 13 7 18 18 14
 13 13 14 6 2 21
 13 13 6 2 6 2
 13 9 12 6 2 13
 13 9 12 6 13 9
 13 9 12 14 14 6
 13 9 12 14 14 14
 13 9 12 14 13 13
 13 9 12 14 6 2
 13 9 12 12 6 13
 13 2 13 14 9 12
 13 7 6 7 6 13
 13 7 18 18 14 18
 13 6 23 6 21 6
 13 6 2 6 2 21
 21 13 21 13 21 13
 21 13 21 13 14 9
 21 13 21 13 13 13
 21 13 14 9 12 12
 21 13 13 13 13 13
 21 13 6 23 6 21
 21 6 21 6 21 13
 21 6 21 6 21 6
 21 6 21 6 7 18
 21 6 21 13 6 23
 21 6 7 18 18 14
 21 6 2 21 6 2
 21 6 2 6 13 9
 21 6 2 13 9 12
 21 21 21 21 6 2
 21 21 21 6 2 13
 21 21 6 2 13 9
 14 9 12 12 6 2
 14 9 12 12 6 13
 14 9 12 12 12 6
 14 14 6 13 9 12
 14 14 6 13 13 13
 14 14 6 2 6 13
 14 14 6 19 14 14
 14 14 19 25 17 25
 14 14 14 14 6 2
 14 14 14 14 6 19
 14 14 14 14 14 14
 14 14 14 14 14 6
 14 14 14 6 2 6
 14 14 14 6 19 14
 14 14 25 17 25 17
 14 6 13 9 12 12
 14 6 13 13 13 13
 14 6 2 21 13 14
 14 6 2 6 13 9
 14 6 19 14 14 25
 14 18 14 18 19 17
 14 18 19 17 17 19
 14 18 19 17 17 9
 14 13 13 13 13 13
 14 19 25 17 25 17
 14 25 17 25 17 25
 14 27 27 27 27 27
 9 12 12 6 2 13
 9 12 12 6 13 13
 9 12 12 6 13 7
 9 12 12 6 13 9
 9 12 12 12 6 13
 9 12 12 12 6 12
 9 12 6 2 13 14
 9 12 6 13 9 12
 9 12 14 14 6 13
 9 12 14 14 6 19
 9 12 14 14 14 14
 9 12 14 13 13 13
 9 12 14 6 2 6
 9 25 13 9 12 14
 9 25 19 17 25 17
 6 2 13 13 21 13
 6 2 13 14 9 12
 6 2 13 9 12 14
 6 2 21 13 14 9
 6 2 21 6 2 21
 6 2 21 6 2 6
 6 2 6 2 21 6
 6 2 6 13 9 12
 6 13 13 13 13 13
 6 13 9 12 12 6
 6 13 9 12 14 14
 6 13 9 12 14 13
 6 13 9 12 14 6
 6 13 9 12 6 13
 6 13 7 6 7 6
 6 12 12 13 9 12
 6 7 6 13 9 12
 6 7 18 18 14 18
 6 21 6 21 13 6
 6 21 6 21 6 21
 6 21 6 21 6 7
 6 21 6 7 18 18
 6 21 13 6 23 6
 6 23 6 21 6 21
 6 19 14 14 25 17
 7 6 7 6 13 9
 7 6 13 9 12 14
 7 18 18 14 18 14
 18 18 14 18 14 18
 18 14 18 14 18 19
 18 14 18 19 17 17
 18 19 17 17 19 17
 18 19 17 17 9 25
 19 17 17 19 17 17
 19 17 17 25 9 25
 19 17 17 9 25 19
 19 17 25 17 25 17
 19 25 17 25 17 25
 19 14 14 25 17 25
 19 14 27 27 27 27
 17 17 19 17 17 25
 17 17 25 9 25 13
 17 17 9 25 19 17
 17 19 17 17 25 9
 17 25 9 25 13 9
 17 25 17 25 17 25
 17 25 17 25 14 14
 17 25 17 25 2 6
 17 25 17 25 2 21
 17 25 17 25 2 13
 17 25 17 25 19 14
 17 25 14 14 19 25
 17 25 2 6 13 9
 17 25 2 21 21 21
 17 25 2 13 9 12
 17 25 19 14 14 25
 17 25 19 14 27 27
 17 9 25 19 17 25
 25 9 25 13 9 12
 25 13 9 12 14 13
 25 19 17 25 17 25
 25 19 14 14 25 17
 25 19 14 27 27 27
 25 17 25 17 25 17
 25 17 25 17 25 14
 25 17 25 17 25 2
 25 17 25 17 25 19
 25 17 25 14 14 19
 25 17 25 2 6 13
 25 17 25 2 21 21
 25 17 25 2 13 9
 25 17 25 19 14 14
 25 17 25 19 14 27
 25 14 14 19 25 17
 25 2 6 13 9 12
 25 2 21 21 21 21
 25 2 13 9 12 14
 23 6 21 6 21 6
