 25 25 14 14 19 14
 25 25 14 27 27 27
 25 25 17 17 25 25
 25 25 25 25 6 25
 25 25 25 6 25 6
 25 25 25 6 25 25
 25 25 25 14 14 19
 25 25 25 14 27 27
 25 25 6 25 6 17
 25 25 6 25 25 25
 25 14 14 19 14 25
 25 14 27 27 27 27
 25 17 17 25 25 25
 25 6 25 6 17 14
 25 6 25 25 25 14
 25 6 17 14 19 17
 14 14 19 14 25 25
 14 19 14 25 25 17
 14 19 17 14 17 17
 14 25 25 17 17 25
 14 17 17 25 25 25
 14 27 27 27 27 27
 19 14 25 25 17 17
 19 17 14 17 17 25
 17 17 25 25 25 25
 17 17 25 25 25 14
 17 25 25 25 25 6
 17 25 25 25 14 14
 17 14 19 17 14 17
 17 14 17 17 25 25
 6 25 6 17 14 19
 6 25 25 25 14 27
 6 17 14 19 17 14
