 2 12 13 21 13 21 13 21 13 21
 2 13 13 13 21 13 21 13 21 13
 2 13 14 9 12 12 6 13 13 13
 2 13 14 9 12 12 12 12 6 12
 12 13 21 13 21 13 21 13 21 13
 12 13 9 12 12 6 9 13 9 12
 12 12 6 2 13 13 13 21 13 21
 12 12 6 13 13 13 13 13 13 13
 12 12 6 12 13 9 12 12 6 9
 12 12 6 9 13 9 12 6 13 9
 12 12 12 12 6 12 13 9 12 12
 12 12 12 6 12 13 9 12 12 6
 12 6 2 13 13 13 21 13 21 13
 12 6 2 13 14 9 12 12 6 13
 12 6 13 13 13 13 13 13 13 13
 12 6 13 9 12 14 14 6 13 13
 12 6 12 13 9 12 12 6 9 13
 12 6 9 13 9 12 6 13 9 12
 12 14 14 6 13 13 13 13 13 13
 12 14 25 6 6 27 27 27 27 27
 13 21 13 21 13 21 13 21 13 21
 13 21 13 21 13 21 13 21 13 14
 13 21 13 21 13 21 13 21 13 13
 13 21 13 21 13 21 13 14 9 12
 13 21 13 21 13 21 13 13 13 13
 13 21 13 21 13 14 9 12 12 6
 13 21 13 21 13 13 13 13 13 13
 13 21 13 14 9 12 12 6 2 13
 13 21 13 13 13 13 13 13 13 13
 13 14 9 12 12 6 2 13 13 13
 13 14 9 12 12 6 13 13 13 13
 13 14 9 12 12 12 12 6 12 13
 13 14 14 9 12 14 25 6 6 27
 13 13 13 21 13 21 13 21 13 21
 13 13 13 13 13 13 13 13 13 13
 13 13 13 13 13 13 13 13 13 9
 13 13 13 13 13 13 13 13 13 2
 13 13 13 13 13 13 13 13 13 14
 13 13 13 13 13 13 13 13 9 12
 13 13 13 13 13 13 13 13 2 13
 13 13 13 13 13 13 13 13 14 14
 13 13 13 13 13 13 13 9 12 6
 13 13 13 13 13 13 13 2 13 14
 13 13 13 13 13 13 13 14 14 9
 13 13 13 13 13 13 9 12 6 2
 13 13 13 13 13 13 2 13 14 9
 13 13 13 13 13 13 14 14 9 12
 13 13 13 13 13 9 12 6 2 13
 13 13 13 13 13 2 13 14 9 12
 13 13 13 13 13 14 14 9 12 14
 13 13 13 13 9 12 6 2 13 14
 13 13 13 13 2 13 14 9 12 12
 13 13 13 13 14 14 9 12 14 25
 13 13 13 9 12 6 2 13 14 9
 13 13 13 2 13 14 9 12 12 12
 13 13 13 14 14 9 12 14 25 6
 13 13 21 13 21 13 21 13 21 13
 13 13 9 12 6 2 13 14 9 12
 13 13 2 13 14 9 12 12 12 12
 13 13 14 14 9 12 14 25 6 6
 13 9 12 6 2 13 14 9 12 12
 13 9 12 6 13 9 12 14 14 6
 13 9 12 12 6 9 13 9 12 6
 13 9 12 14 14 6 13 13 13 13
 13 2 13 14 9 12 12 12 12 6
 21 13 21 13 21 13 21 13 21 13
 21 13 21 13 21 13 21 13 14 9
 21 13 21 13 21 13 21 13 13 13
 21 13 21 13 21 13 14 9 12 12
 21 13 21 13 21 13 13 13 13 13
 21 13 21 13 14 9 12 12 6 2
 21 13 21 13 13 13 13 13 13 13
 21 13 14 9 12 12 6 2 13 13
 21 13 13 13 13 13 13 13 13 13
 14 9 12 12 6 2 13 13 13 21
 14 9 12 12 6 13 13 13 13 13
 14 9 12 12 12 12 6 12 13 9
 14 9 12 14 25 6 6 27 27 27
 14 14 6 13 13 13 13 13 13 13
 14 14 9 12 14 25 6 6 27 27
 14 6 13 13 13 13 13 13 13 13
 14 25 6 6 27 27 27 27 27 27
 9 12 12 6 2 13 13 13 21 13
 9 12 12 6 13 13 13 13 13 13
 9 12 12 6 9 13 9 12 6 13
 9 12 12 12 12 6 12 13 9 12
 9 12 6 2 13 14 9 12 12 6
 9 12 6 13 9 12 14 14 6 13
 9 12 14 14 6 13 13 13 13 13
 9 12 14 25 6 6 27 27 27 27
 9 13 9 12 6 13 9 12 14 14
 6 2 13 13 13 21 13 21 13 21
 6 2 13 14 9 12 12 6 13 13
 6 13 13 13 13 13 13 13 13 13
 6 13 9 12 14 14 6 13 13 13
 6 12 13 9 12 12 6 9 13 9
 6 9 13 9 12 6 13 9 12 14
 6 6 27 27 27 27 27 27 27 27
 6 27 27 27 27 27 27 27 27 27
 25 6 6 27 27 27 27 27 27 27
