 2 12 13 21 13 21 13 21 13 21
 2 13 13 21 13 21 13 21 13 21
 2 13 14 9 12 12 12 6 13 13
 2 13 14 9 12 12 12 6 13 9
 2 13 14 9 12 12 12 12 6 13
 2 13 14 9 12 12 6 13 13 13
 2 13 14 9 12 12 6 13 9 12
 2 13 14 9 12 12 6 12 12 13
 2 13 14 9 12 12 6 14 25 25
 12 13 21 13 21 13 21 13 21 13
 12 13 9 12 12 6 13 9 12 14
 12 12 6 2 13 13 21 13 21 13
 12 12 6 13 13 13 13 13 13 13
 12 12 6 13 9 12 14 14 6 13
 12 12 6 13 9 12 6 6 6 14
 12 12 6 13 21 13 21 13 21 13
 12 12 6 12 12 13 9 12 12 6
 12 12 6 14 25 25 6 6 6 6
 12 12 12 6 13 13 13 13 13 13
 12 12 12 6 13 9 12 14 14 6
 12 12 12 12 6 13 13 13 13 13
 12 12 13 9 12 12 6 13 9 12
 12 6 2 13 13 21 13 21 13 21
 12 6 2 13 14 9 12 12 12 6
 12 6 2 13 14 9 12 12 6 13
 12 6 13 13 13 13 13 13 13 13
 12 6 13 9 12 14 14 6 13 13
 12 6 13 9 12 6 6 6 14 14
 12 6 13 21 13 21 13 21 13 21
 12 6 12 12 13 9 12 12 6 13
 12 6 6 6 14 14 25 25 14 14
 12 6 6 6 14 14 25 25 14 25
 12 6 14 25 25 6 6 6 6 27
 12 14 14 6 13 13 13 13 13 13
 13 21 13 21 13 21 13 21 13 21
 13 21 13 21 13 21 13 21 13 14
 13 21 13 21 13 21 13 21 13 13
 13 21 13 21 13 21 13 14 9 12
 13 21 13 21 13 21 13 13 13 13
 13 21 13 21 13 14 9 12 12 6
 13 21 13 21 13 13 13 13 13 13
 13 21 13 14 9 12 12 6 2 13
 13 21 13 14 9 12 12 6 13 21
 13 21 13 14 9 12 12 6 13 13
 13 21 13 13 13 13 13 13 13 13
 13 21 21 21 21 21 13 13 9 14
 13 14 9 12 12 6 2 13 13 21
 13 14 9 12 12 6 13 13 13 13
 13 14 9 12 12 6 13 9 12 6
 13 14 9 12 12 6 13 21 13 21
 13 14 9 12 12 6 12 12 13 9
 13 14 9 12 12 6 14 25 25 6
 13 14 9 12 12 12 6 13 13 13
 13 14 9 12 12 12 6 13 9 12
 13 14 9 12 12 12 12 6 13 13
 13 13 21 13 21 13 21 13 21 13
 13 13 21 13 14 9 12 12 6 13
 13 13 21 21 21 21 21 13 13 9
 13 13 13 13 13 13 13 13 13 13
 13 13 13 13 13 13 13 13 13 9
 13 13 13 13 13 13 13 13 13 2
 13 13 13 13 13 13 13 13 13 7
 13 13 13 13 13 13 13 13 13 21
 13 13 13 13 13 13 13 13 9 12
 13 13 13 13 13 13 13 13 2 13
 13 13 13 13 13 13 13 13 7 6
 13 13 13 13 13 13 13 13 21 21
 13 13 13 13 13 13 13 13 21 13
 13 13 13 13 13 13 13 9 12 6
 13 13 13 13 13 13 13 2 13 14
 13 13 13 13 13 13 13 7 6 7
 13 13 13 13 13 13 13 21 21 21
 13 13 13 13 13 13 13 21 13 14
 13 13 13 13 13 13 9 12 6 2
 13 13 13 13 13 13 2 13 14 9
 13 13 13 13 13 13 7 6 7 6
 13 13 13 13 13 13 21 21 21 21
 13 13 13 13 13 13 21 13 14 9
 13 13 13 13 13 9 12 6 2 13
 13 13 13 13 13 2 13 14 9 12
 13 13 13 13 13 7 6 7 6 13
 13 13 13 13 13 21 21 21 21 21
 13 13 13 13 13 21 13 14 9 12
 13 13 13 13 9 12 6 2 13 14
 13 13 13 13 2 13 14 9 12 12
 13 13 13 13 7 6 7 6 13 9
 13 13 13 13 21 21 21 21 21 13
 13 13 13 13 21 13 14 9 12 12
 13 13 13 9 12 6 2 13 14 9
 13 13 13 2 13 14 9 12 12 12
 13 13 13 2 13 14 9 12 12 6
 13 13 13 7 6 7 6 13 9 12
 13 13 13 21 21 21 21 21 13 13
 13 13 13 21 13 14 9 12 12 6
 13 13 9 12 6 2 13 14 9 12
 13 13 9 14 6 21 21 21 21 21
 13 13 2 13 14 9 12 12 12 6
 13 13 2 13 14 9 12 12 12 12
 13 13 2 13 14 9 12 12 6 13
 13 13 2 13 14 9 12 12 6 12
 13 13 2 13 14 9 12 12 6 14
 13 13 7 6 7 6 13 9 12 14
 13 9 12 6 2 13 14 9 12 12
 13 9 12 6 6 6 14 14 25 25
 13 9 12 12 6 13 9 12 14 14
 13 9 12 14 14 6 13 13 13 13
 13 9 14 6 21 21 21 21 21 21
 13 2 13 14 9 12 12 12 6 13
 13 2 13 14 9 12 12 12 12 6
 13 2 13 14 9 12 12 6 13 13
 13 2 13 14 9 12 12 6 13 9
 13 2 13 14 9 12 12 6 12 12
 13 2 13 14 9 12 12 6 14 25
 13 7 6 7 6 13 9 12 14 14
 21 13 21 13 21 13 21 13 21 13
 21 13 21 13 21 13 21 13 14 9
 21 13 21 13 21 13 21 13 13 13
 21 13 21 13 21 13 14 9 12 12
 21 13 21 13 21 13 13 13 13 13
 21 13 21 13 14 9 12 12 6 2
 21 13 21 13 14 9 12 12 6 13
 21 13 21 13 13 13 13 13 13 13
 21 13 14 9 12 12 6 2 13 13
 21 13 14 9 12 12 6 13 13 13
 21 13 14 9 12 12 6 13 21 13
 21 13 13 13 13 13 13 13 13 13
 21 13 13 9 14 6 21 21 21 21
 21 21 13 14 9 12 12 6 13 13
 21 21 13 13 9 14 6 21 21 21
 21 21 21 21 21 13 13 9 14 6
 21 21 21 21 21 21 6 13 13 13
 21 21 21 21 21 6 13 13 13 13
 21 21 21 21 13 13 9 14 6 21
 21 21 21 21 6 13 13 13 13 13
 21 21 21 13 13 9 14 6 21 21
 21 21 21 6 13 13 13 13 13 13
 21 21 6 13 13 13 13 13 13 13
 21 6 13 13 13 13 13 13 13 13
 14 9 12 12 6 2 13 13 21 13
 14 9 12 12 6 13 13 13 13 13
 14 9 12 12 6 13 9 12 6 6
 14 9 12 12 6 13 21 13 21 13
 14 9 12 12 6 12 12 13 9 12
 14 9 12 12 6 14 25 25 6 6
 14 9 12 12 12 6 13 13 13 13
 14 9 12 12 12 6 13 9 12 14
 14 9 12 12 12 12 6 13 13 13
 14 14 6 13 13 13 13 13 13 13
 14 14 25 25 14 14 21 21 13 14
 14 14 25 25 14 25 6 6 6 6
 14 14 21 21 13 14 9 12 12 6
 14 6 13 13 13 13 13 13 13 13
 14 6 21 21 21 21 21 21 6 13
 14 25 25 14 14 21 21 13 14 9
 14 25 25 14 25 6 6 6 6 27
 14 25 25 6 6 6 6 27 27 27
 14 25 6 6 6 6 27 27 27 27
 14 21 21 13 14 9 12 12 6 13
 9 12 12 6 2 13 13 21 13 21
 9 12 12 6 13 13 13 13 13 13
 9 12 12 6 13 9 12 14 14 6
 9 12 12 6 13 9 12 6 6 6
 9 12 12 6 13 21 13 21 13 21
 9 12 12 6 12 12 13 9 12 12
 9 12 12 6 14 25 25 6 6 6
 9 12 12 12 6 13 13 13 13 13
 9 12 12 12 6 13 9 12 14 14
 9 12 12 12 12 6 13 13 13 13
 9 12 6 2 13 14 9 12 12 12
 9 12 6 2 13 14 9 12 12 6
 9 12 6 6 6 14 14 25 25 14
 9 12 14 14 6 13 13 13 13 13
 9 14 6 21 21 21 21 21 21 6
 6 2 13 13 21 13 21 13 21 13
 6 2 13 14 9 12 12 12 6 13
 6 2 13 14 9 12 12 6 13 13
 6 13 13 13 13 13 13 13 13 13
 6 13 9 12 14 14 6 13 13 13
 6 13 9 12 6 6 6 14 14 25
 6 13 21 13 21 13 21 13 21 13
 6 12 12 13 9 12 12 6 13 9
 6 7 6 13 9 12 14 14 6 13
 6 6 6 14 14 25 25 14 14 21
 6 6 6 14 14 25 25 14 25 6
 6 6 6 6 27 27 27 27 27 27
 6 6 6 27 27 27 27 27 27 27
 6 6 14 14 25 25 14 14 21 21
 6 6 14 14 25 25 14 25 6 6
 6 6 27 27 27 27 27 27 27 27
 6 14 14 25 25 14 14 21 21 13
 6 14 14 25 25 14 25 6 6 6
 6 14 25 25 6 6 6 6 27 27
 6 21 21 21 21 21 21 6 13 13
 6 27 27 27 27 27 27 27 27 27
 7 6 7 6 13 9 12 14 14 6
 7 6 13 9 12 14 14 6 13 13
 25 25 14 14 21 21 13 14 9 12
 25 25 14 25 6 6 6 6 27 27
 25 25 6 6 6 6 27 27 27 27
 25 14 14 21 21 13 14 9 12 12
 25 14 25 6 6 6 6 27 27 27
 25 6 6 6 6 27 27 27 27 27
