 21 13 9 9 21 14
 21 13 9 9 25 14
 21 13 9 9 9 13
 21 13 9 9 9 14
 21 14 2 9 23 9
 21 14 2 9 2 9
 21 9 21 13 9 9
 21 2 2 13 9 23
 13 9 9 21 14 2
 13 9 9 25 14 25
 13 9 9 9 13 9
 13 9 9 9 25 25
 13 9 9 9 14 21
 13 9 23 9 25 25
 13 6 25 6 23 21
 13 6 25 25 25 25
 9 9 21 14 2 9
 9 9 23 9 21 13
 9 9 25 14 25 13
 9 9 25 25 25 25
 9 9 9 13 9 9
 9 9 9 25 25 25
 9 9 9 14 21 2
 9 9 13 9 9 9
 9 9 14 2 9 14
 9 9 14 21 2 2
 9 21 14 2 9 23
 9 21 14 2 9 2
 9 21 13 9 9 25
 9 21 13 9 9 9
 9 23 9 2 9 9
 9 23 9 21 13 9
 9 23 9 25 25 25
 9 2 9 9 23 9
 9 2 9 14 21 13
 9 2 21 9 21 13
 9 25 14 25 13 6
 9 25 25 25 25 25
 9 25 25 25 13 6
 9 14 21 13 9 9
 9 14 21 2 2 13
 9 14 2 9 14 9
 9 14 9 2 21 9
 9 13 9 9 9 25
 9 6 25 25 25 25
 14 2 9 23 9 2
 14 2 9 2 9 14
 14 2 9 14 9 2
 14 25 13 6 25 6
 14 21 13 9 9 9
 14 21 2 2 13 9
 14 9 2 21 9 21
 2 9 23 9 2 9
 2 9 9 23 9 21
 2 9 2 9 14 21
 2 9 14 21 13 9
 2 9 14 9 2 21
 2 21 9 21 13 9
 2 2 13 9 23 9
 2 13 9 23 9 25
 23 9 2 9 9 23
 23 9 21 13 9 9
 23 9 25 25 25 13
 23 21 13 9 9 21
 25 14 25 13 6 25
 25 13 6 25 6 23
 25 13 6 25 25 25
 25 6 23 21 13 9
 25 25 25 25 25 25
 25 25 25 25 25 12
 25 25 25 25 25 9
 25 25 25 25 25 27
 25 25 25 25 12 9
 25 25 25 25 9 6
 25 25 25 25 27 27
 25 25 25 12 9 9
 25 25 25 13 6 25
 25 25 25 9 6 25
 25 25 25 27 27 27
 25 25 12 9 9 14
 25 25 13 6 25 25
 25 25 9 6 25 25
 25 25 27 27 27 27
 25 12 9 9 14 2
 25 9 6 25 25 25
 25 27 27 27 27 27
 6 25 6 23 21 13
 6 25 25 25 25 25
 6 23 21 13 9 9
 12 9 9 14 2 9
