 25 25 25 25 25 9
 25 25 25 25 25 25
 25 25 25 25 25 13
 25 25 25 25 25 27
 25 25 25 25 25 6
 25 25 25 25 25 12
 25 25 25 25 9 13
 25 25 25 25 9 14
 25 25 25 25 9 25
 25 25 25 25 13 14
 25 25 25 25 27 27
 25 25 25 25 6 23
 25 25 25 25 12 9
 25 25 25 9 13 14
 25 25 25 9 14 25
 25 25 25 9 25 25
 25 25 25 9 25 13
 25 25 25 13 14 6
 25 25 25 27 27 27
 25 25 25 6 23 2
 25 25 25 6 23 25
 25 25 25 6 23 27
 25 25 25 12 9 9
 25 25 9 13 14 6
 25 25 9 14 25 14
 25 25 9 25 25 13
 25 25 9 25 25 25
 25 25 9 25 13 14
 25 25 13 14 6 25
 25 25 13 14 6 12
 25 25 27 27 27 27
 25 25 6 23 2 9
 25 25 6 23 25 2
 25 25 6 23 27 27
 25 25 12 9 9 14
 25 9 13 14 6 13
 25 9 13 14 6 25
 25 9 14 25 14 25
 25 9 25 25 13 14
 25 9 25 25 25 25
 25 9 25 13 14 6
 25 14 25 14 25 14
 25 14 25 14 25 25
 25 14 25 25 13 14
 25 14 25 25 25 25
 25 13 14 6 25 25
 25 13 14 6 12 12
 25 27 27 27 27 27
 25 6 23 2 9 14
 25 6 23 25 2 9
 25 6 23 27 27 27
 25 2 9 14 9 2
 25 12 9 9 14 14
 9 13 14 6 13 14
 9 13 14 6 25 25
 9 13 9 9 9 25
 9 14 25 14 25 14
 9 14 9 2 9 2
 9 14 9 2 9 25
 9 14 9 2 9 21
 9 14 14 14 14 25
 9 25 25 13 14 6
 9 25 25 25 25 25
 9 25 13 14 6 25
 9 25 27 27 27 27
 9 2 9 2 9 14
 9 2 9 14 9 2
 9 2 9 25 27 27
 9 2 9 21 21 13
 9 2 9 21 13 9
 9 21 21 13 9 9
 9 21 13 9 9 9
 9 9 25 25 25 25
 9 9 9 13 9 9
 9 9 9 25 25 25
 9 9 13 9 9 9
 9 9 14 14 14 14
 13 14 6 13 14 6
 13 14 6 12 12 25
 13 14 6 25 25 25
 13 9 9 25 25 25
 13 9 9 9 13 9
 13 9 9 9 25 25
 14 6 13 14 6 13
 14 6 13 14 6 12
 14 6 12 12 25 25
 14 6 25 25 25 25
 14 25 14 25 14 25
 14 25 14 25 25 13
 14 25 14 25 25 25
 14 25 25 13 14 6
 14 25 25 25 25 9
 14 25 25 25 25 25
 14 25 27 27 27 27
 14 9 2 9 2 9
 14 9 2 9 25 27
 14 9 2 9 21 21
 14 9 2 9 21 13
 14 14 14 14 25 25
 14 14 14 14 25 27
 14 14 14 14 14 14
 14 14 14 14 14 25
 14 14 14 25 25 25
 14 14 14 25 27 27
 14 14 25 25 25 25
 14 14 25 27 27 27
 6 13 14 6 13 14
 6 13 14 6 12 12
 6 12 12 25 25 25
 6 25 25 25 25 25
 6 23 2 9 14 9
 6 23 25 2 9 14
 6 23 27 27 27 27
 12 12 25 25 25 25
 12 25 25 25 25 25
 12 9 9 14 14 14
 2 9 14 9 2 9
 2 9 2 9 14 9
 2 9 25 27 27 27
 2 9 21 21 13 9
 2 9 21 13 9 9
 21 21 13 9 9 25
 21 13 9 9 25 25
 21 13 9 9 9 13
 23 2 9 14 9 2
 23 25 2 9 14 9
 23 27 27 27 27 27
