 2 12 13 21 13 21 13 21 13 21
 2 13 13 13 21 13 21 13 21 13
 2 13 14 9 12 12 12 6 13 13
 2 13 14 9 12 12 12 12 6 12
 12 13 21 13 21 13 21 13 21 13
 12 13 9 12 14 6 13 14 6 13
 12 13 9 12 6 21 13 14 14 6
 12 13 14 21 21 13 14 14 6 13
 12 12 6 2 13 13 13 21 13 21
 12 12 6 13 13 13 13 13 13 13
 12 12 6 13 14 14 6 13 14 13
 12 12 6 12 13 9 12 14 6 13
 12 12 12 6 13 13 13 13 13 13
 12 12 12 6 12 13 9 12 14 6
 12 12 12 12 6 12 13 9 12 14
 12 6 2 13 13 13 21 13 21 13
 12 6 2 13 14 9 12 12 12 6
 12 6 13 13 13 13 13 13 13 13
 12 6 13 14 14 6 13 14 13 14
 12 6 12 13 9 12 14 6 13 14
 12 6 21 13 14 14 6 13 14 14
 12 14 6 13 14 6 13 9 12 12
 13 21 13 21 13 21 13 21 13 21
 13 21 13 21 13 21 13 21 13 14
 13 21 13 21 13 21 13 21 13 13
 13 21 13 21 13 21 13 14 9 12
 13 21 13 21 13 21 13 13 13 13
 13 21 13 21 13 14 9 12 12 6
 13 21 13 21 13 13 13 13 13 13
 13 21 13 14 9 12 12 6 2 13
 13 21 13 13 13 13 13 13 13 13
 13 14 9 12 12 6 2 13 13 13
 13 14 9 12 12 12 6 13 13 13
 13 14 9 12 12 12 12 6 12 13
 13 14 6 13 9 12 12 6 13 14
 13 14 6 13 14 6 21 21 13 14
 13 14 6 12 13 14 21 21 13 14
 13 14 6 9 12 13 9 12 6 21
 13 14 6 21 13 14 14 6 13 14
 13 14 6 21 21 13 14 14 6 13
 13 14 6 21 21 21 21 21 13 14
 13 14 6 21 21 21 21 13 14 14
 13 14 6 25 21 13 14 14 6 13
 13 14 6 6 25 27 27 27 27 27
 13 14 14 6 13 14 13 14 6 12
 13 14 14 6 13 14 14 6 13 14
 13 14 14 6 13 14 6 9 12 13
 13 14 14 6 13 14 6 21 13 14
 13 14 14 6 13 14 6 21 21 13
 13 14 14 6 13 14 6 21 21 21
 13 14 14 6 13 14 6 13 14 6
 13 14 14 6 13 14 6 25 21 13
 13 14 14 6 13 14 6 6 25 27
 13 14 13 14 6 12 13 14 21 21
 13 14 21 21 13 14 14 6 13 14
 13 13 13 21 13 21 13 21 13 21
 13 13 13 13 13 13 13 13 13 13
 13 13 13 13 13 13 13 13 13 9
 13 13 13 13 13 13 13 13 13 2
 13 13 13 13 13 13 13 13 9 12
 13 13 13 13 13 13 13 13 2 13
 13 13 13 13 13 13 13 9 12 6
 13 13 13 13 13 13 13 2 13 14
 13 13 13 13 13 13 9 12 6 2
 13 13 13 13 13 13 2 13 14 9
 13 13 13 13 13 9 12 6 2 13
 13 13 13 13 13 2 13 14 9 12
 13 13 13 13 9 12 6 2 13 14
 13 13 13 13 2 13 14 9 12 12
 13 13 13 9 12 6 2 13 14 9
 13 13 13 2 13 14 9 12 12 12
 13 13 21 13 21 13 21 13 21 13
 13 13 9 12 6 2 13 14 9 12
 13 13 2 13 14 9 12 12 12 12
 13 9 12 6 2 13 14 9 12 12
 13 9 12 6 21 13 14 14 6 13
 13 9 12 14 6 13 14 6 13 9
 13 9 12 12 6 13 14 14 6 13
 13 2 13 14 9 12 12 12 12 6
 21 13 21 13 21 13 21 13 21 13
 21 13 21 13 21 13 21 13 14 9
 21 13 21 13 21 13 21 13 13 13
 21 13 21 13 21 13 14 9 12 12
 21 13 21 13 21 13 13 13 13 13
 21 13 21 13 14 9 12 12 6 2
 21 13 21 13 13 13 13 13 13 13
 21 13 14 9 12 12 6 2 13 13
 21 13 14 14 6 13 14 14 6 13
 21 13 13 13 13 13 13 13 13 13
 21 21 13 14 14 6 13 14 14 6
 21 21 21 21 21 13 14 14 6 13
 21 21 21 21 13 14 14 6 13 14
 21 21 21 13 14 14 6 13 14 14
 14 9 12 12 6 2 13 13 13 21
 14 9 12 12 12 6 13 13 13 13
 14 9 12 12 12 12 6 12 13 9
 14 6 13 14 6 13 9 12 12 6
 14 6 13 14 6 13 14 6 21 21
 14 6 13 14 6 9 12 13 9 12
 14 6 13 14 6 21 13 14 14 6
 14 6 13 14 6 21 21 13 14 14
 14 6 13 14 6 21 21 21 21 21
 14 6 13 14 6 21 21 21 21 13
 14 6 13 14 6 25 21 13 14 14
 14 6 13 14 6 6 25 27 27 27
 14 6 13 14 13 14 6 12 13 14
 14 6 13 14 14 6 13 14 6 9
 14 6 13 14 14 6 13 14 6 21
 14 6 13 14 14 6 13 14 6 13
 14 6 13 14 14 6 13 14 6 25
 14 6 13 14 14 6 13 14 6 6
 14 6 13 9 12 12 6 13 14 14
 14 6 12 13 14 21 21 13 14 14
 14 6 9 12 13 9 12 6 21 13
 14 6 21 13 14 14 6 13 14 14
 14 6 21 21 13 14 14 6 13 14
 14 6 21 21 21 21 21 13 14 14
 14 6 21 21 21 21 13 14 14 6
 14 6 25 21 13 14 14 6 13 14
 14 6 6 25 27 27 27 27 27 27
 14 14 6 13 14 13 14 6 12 13
 14 14 6 13 14 14 6 13 14 6
 14 14 6 13 14 6 9 12 13 9
 14 14 6 13 14 6 21 13 14 14
 14 14 6 13 14 6 21 21 13 14
 14 14 6 13 14 6 21 21 21 21
 14 14 6 13 14 6 13 14 6 21
 14 14 6 13 14 6 25 21 13 14
 14 14 6 13 14 6 6 25 27 27
 14 13 14 6 12 13 14 21 21 13
 14 21 21 13 14 14 6 13 14 14
 9 12 12 6 2 13 13 13 21 13
 9 12 12 6 13 14 14 6 13 14
 9 12 12 12 6 13 13 13 13 13
 9 12 12 12 12 6 12 13 9 12
 9 12 6 2 13 14 9 12 12 12
 9 12 6 21 13 14 14 6 13 14
 9 12 14 6 13 14 6 13 9 12
 9 12 13 9 12 6 21 13 14 14
 6 2 13 13 13 21 13 21 13 21
 6 2 13 14 9 12 12 12 6 13
 6 13 13 13 13 13 13 13 13 13
 6 13 14 6 13 9 12 12 6 13
 6 13 14 6 13 14 6 21 21 13
 6 13 14 6 9 12 13 9 12 6
 6 13 14 6 21 13 14 14 6 13
 6 13 14 6 21 21 13 14 14 6
 6 13 14 6 21 21 21 21 21 13
 6 13 14 6 21 21 21 21 13 14
 6 13 14 6 25 21 13 14 14 6
 6 13 14 6 6 25 27 27 27 27
 6 13 14 14 6 13 14 13 14 6
 6 13 14 14 6 13 14 6 9 12
 6 13 14 14 6 13 14 6 21 13
 6 13 14 14 6 13 14 6 21 21
 6 13 14 14 6 13 14 6 13 14
 6 13 14 14 6 13 14 6 25 21
 6 13 14 14 6 13 14 6 6 25
 6 13 14 13 14 6 12 13 14 21
 6 13 9 12 12 6 13 14 14 6
 6 12 13 9 12 14 6 13 14 6
 6 12 13 14 21 21 13 14 14 6
 6 9 12 13 9 12 6 21 13 14
 6 21 13 14 14 6 13 14 14 6
 6 21 21 13 14 14 6 13 14 14
 6 21 21 21 21 21 13 14 14 6
 6 21 21 21 21 13 14 14 6 13
 6 25 21 13 14 14 6 13 14 14
 6 25 27 27 27 27 27 27 27 27
 6 6 25 27 27 27 27 27 27 27
 25 21 13 14 14 6 13 14 14 6
 25 27 27 27 27 27 27 27 27 27
