 2 12 2 13 9 12
 2 13 9 12 6 2
 2 13 14 9 12 12
 2 2 2 2 21 3
 2 2 2 21 3 11
 2 2 21 3 11 6
 2 21 3 11 6 13
 12 2 13 9 12 6
 12 6 2 13 14 9
 12 6 12 12 12 13
 12 6 21 13 13 13
 12 6 6 6 6 6
 12 6 6 6 6 21
 12 6 6 6 21 13
 12 6 6 21 13 13
 12 6 13 9 9 12
 12 6 13 9 12 6
 12 12 12 6 2 13
 12 12 12 6 13 9
 12 12 12 13 9 12
 12 12 6 2 13 14
 12 12 6 12 12 12
 12 12 6 21 13 13
 12 12 6 6 6 6
 12 12 6 6 6 21
 12 12 6 13 9 12
 12 12 13 9 12 14
 12 13 9 12 14 6
 12 13 9 9 12 14
 12 14 6 9 9 9
 12 14 6 13 9 9
 12 14 6 7 6 24
 12 14 9 14 14 14
 12 14 9 14 14 6
 12 14 9 14 6 6
 12 14 9 14 6 21
 12 14 9 14 12 6
 12 14 9 12 25 14
 12 14 14 14 14 14
 12 14 14 14 14 12
 12 14 14 14 14 6
 12 14 14 21 14 6
 12 14 14 6 21 21
 12 14 14 6 21 12
 12 14 14 6 21 13
 12 14 14 6 13 14
 12 14 14 6 13 9
 12 14 14 6 24 2
 12 14 14 9 12 25
 12 14 14 9 12 14
 12 14 25 6 6 21
 12 21 13 13 13 9
 12 9 14 14 6 21
 12 9 14 9 9 14
 12 9 25 6 23 13
 12 25 6 13 9 9
 12 25 6 21 21 21
 12 25 6 21 13 9
 12 25 25 6 21 13
 12 25 14 6 6 21
 12 25 14 25 25 14
 12 25 14 25 6 6
 12 25 14 14 25 25
 13 9 12 6 2 13
 13 9 12 14 6 9
 13 9 12 14 9 14
 13 9 12 12 6 21
 13 9 12 9 14 14
 13 9 12 9 25 6
 13 9 13 9 12 14
 13 9 13 9 9 12
 13 9 13 14 9 12
 13 9 9 12 14 14
 13 9 9 12 14 6
 13 9 9 12 14 9
 13 9 9 12 9 14
 13 9 9 12 25 6
 13 9 9 12 25 25
 13 9 9 9 12 14
 13 9 5 6 9 9
 13 9 21 13 13 13
 13 9 6 21 13 9
 13 14 9 12 12 12
 13 14 9 12 12 6
 13 14 6 6 6 21
 13 14 6 13 9 12
 13 14 6 13 9 5
 13 13 13 9 13 9
 13 13 13 13 21 13
 13 13 13 13 21 21
 13 13 13 13 6 13
 13 13 13 13 6 21
 13 13 13 13 6 6
 13 13 13 21 13 13
 13 13 13 21 13 9
 13 13 13 21 21 21
 13 13 13 6 13 9
 13 13 13 6 21 13
 13 13 13 6 21 21
 13 13 13 6 6 21
 13 13 13 6 6 6
 13 13 9 13 9 12
 13 13 21 13 13 13
 13 13 21 13 9 13
 13 13 21 21 21 13
 13 13 21 21 21 21
 13 13 6 13 9 12
 13 13 6 21 13 13
 13 13 6 21 21 21
 13 13 6 6 21 13
 13 13 6 6 21 21
 13 13 6 6 6 21
 13 21 13 13 13 9
 13 21 13 13 13 13
 13 21 13 9 13 14
 13 21 21 21 13 13
 13 21 21 21 21 21
 13 6 13 9 12 12
 13 6 21 13 13 13
 13 6 21 21 21 13
 13 6 6 21 13 13
 13 6 6 21 21 21
 13 6 6 6 21 21
 9 12 6 2 13 14
 9 12 12 12 6 2
 9 12 12 12 6 13
 9 12 12 6 2 13
 9 12 12 6 12 12
 9 12 12 6 21 13
 9 12 12 6 6 6
 9 12 14 6 9 9
 9 12 14 6 13 9
 9 12 14 9 14 14
 9 12 14 9 14 6
 9 12 14 9 14 12
 9 12 14 9 12 25
 9 12 14 14 14 14
 9 12 14 14 21 14
 9 12 14 14 6 21
 9 12 14 14 6 13
 9 12 14 14 6 24
 9 12 14 14 9 12
 9 12 14 25 6 6
 9 12 9 14 14 6
 9 12 9 14 9 9
 9 12 9 25 6 23
 9 12 25 6 13 9
 9 12 25 6 21 21
 9 12 25 6 21 13
 9 12 25 25 6 21
 9 12 25 14 6 6
 9 12 25 14 25 25
 9 12 25 14 25 6
 9 12 25 14 14 25
 9 9 9 9 21 21
 9 9 9 21 21 21
 9 9 9 12 14 14
 9 9 21 21 21 21
 9 9 12 14 14 14
 9 9 12 14 14 21
 9 9 12 14 14 6
 9 9 12 14 14 9
 9 9 12 14 6 13
 9 9 12 14 9 12
 9 9 12 9 14 9
 9 9 12 25 6 21
 9 9 12 25 25 6
 9 9 14 9 14 14
 9 21 21 21 21 21
 9 21 13 13 13 9
 9 13 9 12 14 9
 9 13 9 9 12 14
 9 13 14 9 12 12
 9 14 14 14 6 21
 9 14 14 14 6 12
 9 14 14 14 6 6
 9 14 14 14 6 13
 9 14 14 14 12 6
 9 14 14 14 14 21
 9 14 14 6 21 13
 9 14 14 6 21 21
 9 14 14 6 6 6
 9 14 14 6 6 21
 9 14 14 6 6 13
 9 14 6 6 21 13
 9 14 6 6 21 21
 9 14 6 6 6 6
 9 14 6 6 6 21
 9 14 6 6 9 12
 9 14 6 21 13 13
 9 14 6 21 21 21
 9 14 12 6 6 6
 9 14 9 9 14 9
 9 14 9 14 14 14
 9 25 6 23 13 14
 9 5 6 9 9 9
 9 6 21 13 9 9
 6 2 13 14 9 12
 6 12 12 12 13 9
 6 12 21 13 13 13
 6 12 13 9 9 12
 6 12 6 21 13 13
 6 12 14 6 7 6
 6 9 9 9 9 21
 6 9 9 9 12 14
 6 9 12 25 6 13
 6 21 13 13 13 9
 6 21 13 13 13 13
 6 21 13 9 12 9
 6 21 13 9 9 12
 6 21 13 9 9 9
 6 21 13 9 6 21
 6 21 21 21 13 13
 6 21 21 21 13 9
 6 21 21 21 21 6
 6 21 21 21 21 21
 6 21 21 21 6 21
 6 21 21 6 21 13
 6 21 21 6 21 21
 6 21 6 13 9 9
 6 21 6 21 21 21
 6 21 12 6 6 21
 6 21 4 21 4 21
 6 21 4 21 21 21
 6 21 4 21 6 21
 6 21 4 5 6 12
 6 6 21 13 13 13
 6 6 21 13 9 12
 6 6 21 21 21 13
 6 6 21 6 21 21
 6 6 21 4 21 4
 6 6 21 4 21 21
 6 6 21 4 21 6
 6 6 21 4 5 6
 6 6 6 6 21 13
 6 6 6 6 21 21
 6 6 6 6 21 6
 6 6 6 6 6 21
 6 6 6 6 6 12
 6 6 6 6 6 6
 6 6 6 6 12 13
 6 6 6 6 23 23
 6 6 6 21 13 13
 6 6 6 21 21 21
 6 6 6 21 6 21
 6 6 6 12 13 9
 6 6 6 13 9 9
 6 6 6 23 23 23
 6 6 12 13 9 9
 6 6 13 14 6 6
 6 6 13 9 9 9
 6 6 9 12 25 6
 6 6 23 23 23 6
 6 6 8 27 27 27
 6 13 9 9 12 14
 6 13 9 9 12 9
 6 13 9 9 12 25
 6 13 9 9 9 12
 6 13 9 12 12 6
 6 13 9 12 9 25
 6 13 9 12 6 2
 6 13 9 5 6 9
 6 13 9 21 13 13
 6 13 14 6 6 6
 6 13 14 6 13 9
 6 23 13 14 6 13
 6 23 23 23 6 6
 6 23 23 23 6 23
 6 23 23 23 23 6
 6 23 23 23 23 23
 6 24 2 2 2 2
 6 24 7 6 24 7
 6 24 7 6 7 18
 6 7 6 24 7 6
 6 7 18 15 15 15
 6 27 27 27 27 27
 6 8 27 27 27 27
 14 9 12 12 12 6
 14 9 12 12 6 2
 14 9 12 12 6 12
 14 9 12 12 6 6
 14 9 12 25 14 6
 14 9 12 25 14 25
 14 9 12 25 14 14
 14 9 12 14 25 6
 14 9 14 14 14 6
 14 9 14 14 14 12
 14 9 14 14 14 14
 14 9 14 14 6 21
 14 9 14 14 6 6
 14 9 14 6 6 21
 14 9 14 6 6 6
 14 9 14 6 6 9
 14 9 14 6 21 13
 14 9 14 6 21 21
 14 9 14 12 6 6
 14 9 9 14 9 14
 14 6 9 9 9 9
 14 6 21 13 13 13
 14 6 21 13 9 9
 14 6 21 21 6 21
 14 6 21 21 21 21
 14 6 21 21 21 13
 14 6 21 6 13 9
 14 6 21 12 6 6
 14 6 12 21 13 13
 14 6 12 6 21 13
 14 6 6 21 13 13
 14 6 6 21 13 9
 14 6 6 21 21 21
 14 6 6 21 4 21
 14 6 6 6 6 21
 14 6 6 6 6 6
 14 6 6 6 21 13
 14 6 6 6 21 21
 14 6 6 6 13 9
 14 6 6 13 14 6
 14 6 6 9 12 25
 14 6 13 9 9 12
 14 6 13 9 12 9
 14 6 13 9 5 6
 14 6 13 14 6 13
 14 6 24 2 2 2
 14 6 7 6 24 7
 14 14 14 6 21 13
 14 14 14 6 21 21
 14 14 14 6 12 21
 14 14 14 6 12 6
 14 14 14 6 6 6
 14 14 14 6 6 21
 14 14 14 6 13 9
 14 14 14 14 14 14
 14 14 14 14 14 6
 14 14 14 14 6 13
 14 14 14 14 6 21
 14 14 14 14 21 13
 14 14 14 14 12 6
 14 14 14 12 6 21
 14 14 14 12 6 13
 14 14 14 21 13 9
 14 14 14 25 6 6
 14 14 6 21 13 13
 14 14 6 21 13 9
 14 14 6 21 21 6
 14 14 6 21 21 21
 14 14 6 21 12 6
 14 14 6 12 21 13
 14 14 6 12 6 21
 14 14 6 6 6 6
 14 14 6 6 6 21
 14 14 6 6 6 13
 14 14 6 6 21 21
 14 14 6 6 21 13
 14 14 6 6 13 14
 14 14 6 13 9 9
 14 14 6 13 14 6
 14 14 6 24 2 2
 14 14 21 14 6 21
 14 14 21 14 6 13
 14 14 21 13 9 9
 14 14 12 6 21 13
 14 14 12 6 13 9
 14 14 9 12 25 14
 14 14 9 12 14 25
 14 14 25 14 25 6
 14 14 25 25 14 25
 14 14 25 6 6 21
 14 21 14 6 21 6
 14 21 14 6 21 21
 14 21 14 6 13 9
 14 21 13 9 9 12
 14 12 6 21 13 13
 14 12 6 6 6 6
 14 12 6 13 9 9
 14 25 6 6 21 4
 14 25 25 14 25 25
 14 25 25 14 25 6
 14 25 25 14 14 25
 14 25 25 14 14 14
 14 25 14 25 6 6
 21 21 21 21 21 21
 21 21 21 21 21 13
 21 21 21 21 13 13
 21 21 21 21 13 9
 21 21 21 21 6 13
 21 21 21 13 13 13
 21 21 21 13 9 9
 21 21 21 13 9 13
 21 21 21 6 13 9
 21 21 21 6 21 21
 21 21 13 13 13 9
 21 21 13 13 13 13
 21 21 13 9 9 12
 21 21 13 9 13 9
 21 21 6 21 13 13
 21 21 6 21 21 6
 21 21 6 21 21 21
 21 21 6 13 9 9
 21 13 13 13 9 13
 21 13 13 13 13 21
 21 13 13 13 13 6
 21 13 9 12 9 14
 21 13 9 9 12 14
 21 13 9 9 9 12
 21 13 9 13 14 9
 21 13 9 13 9 9
 21 13 9 6 21 13
 21 6 21 13 13 13
 21 6 21 21 21 6
 21 6 21 21 21 21
 21 6 21 21 6 21
 21 6 13 9 9 12
 21 14 6 21 6 13
 21 14 6 21 21 21
 21 14 6 13 9 9
 21 12 6 6 21 13
 21 3 11 6 13 9
 21 4 21 4 21 4
 21 4 21 4 21 21
 21 4 21 4 21 6
 21 4 21 4 6 6
 21 4 21 21 21 21
 21 4 21 6 21 21
 21 4 6 6 6 6
 21 4 5 6 12 14
 25 6 23 13 14 6
 25 6 13 9 9 12
 25 6 21 21 21 13
 25 6 21 21 21 21
 25 6 21 13 9 9
 25 6 21 13 9 6
 25 6 6 21 4 21
 25 6 6 21 4 5
 25 25 6 21 13 9
 25 25 14 25 25 14
 25 25 14 25 6 6
 25 25 14 14 25 14
 25 25 14 14 25 25
 25 25 14 14 14 25
 25 14 6 6 21 4
 25 14 25 25 14 25
 25 14 25 25 14 14
 25 14 25 6 6 21
 25 14 14 25 14 25
 25 14 14 25 25 14
 25 14 14 14 25 6
 23 13 14 6 13 9
 23 23 23 6 6 23
 23 23 23 6 23 23
 23 23 23 6 21 21
 23 23 23 23 6 23
 23 23 23 23 6 21
 23 23 23 23 23 23
 23 23 23 23 23 6
 23 23 6 6 23 23
 23 23 6 23 23 23
 23 23 6 21 21 21
 23 6 6 23 23 23
 23 6 23 23 23 23
 23 6 21 21 21 21
 5 6 9 9 9 12
 5 6 12 14 6 7
 24 2 2 2 2 21
 24 7 6 24 7 6
 24 7 6 7 18 15
 3 11 6 13 9 21
 11 6 13 9 21 13
 4 21 4 21 4 21
 4 21 4 21 4 6
 4 21 4 21 21 21
 4 21 4 21 6 21
 4 21 4 6 6 6
 4 21 21 21 21 21
 4 21 6 21 21 6
 4 21 6 21 21 21
 4 6 6 6 6 23
 4 5 6 12 14 6
 7 6 24 7 6 24
 7 6 24 7 6 7
 7 6 7 18 15 15
 7 18 15 15 15 15
 18 15 15 15 15 15
 15 15 15 15 15 15
 15 15 15 15 15 6
 15 15 15 15 6 7
 15 15 15 15 6 27
 15 15 15 6 7 18
 15 15 15 6 27 27
 15 15 6 7 18 15
 15 15 6 27 27 27
 15 6 7 18 15 15
 15 6 27 27 27 27
 8 27 27 27 27 27
