 14 14 14 1 25 1
 14 14 14 7 15 15
 14 14 14 7 18 15
 14 14 14 14 14 14
 14 14 14 14 14 15
 14 14 14 14 15 18
 14 14 14 14 18 14
 14 14 14 15 18 14
 14 14 14 15 15 15
 14 14 14 15 14 14
 14 14 14 25 25 14
 14 14 14 18 14 18
 14 14 14 18 14 14
 14 14 14 18 15 15
 14 14 1 25 1 25
 14 14 15 14 14 15
 14 14 15 14 14 18
 14 14 15 14 25 25
 14 14 15 14 15 18
 14 14 15 14 15 14
 14 14 15 14 15 15
 14 14 15 14 7 14
 14 14 15 15 14 14
 14 14 15 15 14 15
 14 14 15 15 25 15
 14 14 15 15 15 15
 14 14 15 15 18 25
 14 14 15 15 18 14
 14 14 15 18 14 25
 14 14 15 18 14 18
 14 14 15 18 14 15
 14 14 15 18 15 15
 14 14 15 18 25 15
 14 14 25 6 14 14
 14 14 25 6 14 1
 14 14 25 6 14 27
 14 14 25 25 14 14
 14 14 25 25 14 25
 14 14 25 25 18 18
 14 14 25 25 18 14
 14 14 25 12 25 18
 14 14 18 14 18 14
 14 14 18 14 18 1
 14 14 18 14 14 18
 14 14 18 14 14 14
 14 14 18 14 14 15
 14 14 18 15 15 25
 14 14 18 15 15 15
 14 14 18 15 25 15
 14 14 7 15 15 25
 14 14 7 15 15 15
 14 14 7 18 15 15
 14 14 7 18 15 25
 14 14 7 14 15 14
 14 14 7 14 15 15
 14 14 7 14 14 15
 14 1 25 1 25 14
 14 1 25 25 14 14
 14 1 25 14 15 15
 14 15 14 14 15 15
 14 15 14 14 15 18
 14 15 14 14 15 14
 14 15 14 14 18 15
 14 15 14 25 25 14
 14 15 14 15 18 15
 14 15 14 15 18 18
 14 15 14 15 18 14
 14 15 14 15 18 25
 14 15 14 15 14 15
 14 15 14 15 14 25
 14 15 14 15 14 14
 14 15 14 15 15 15
 14 15 14 15 15 14
 14 15 14 15 15 18
 14 15 14 15 25 14
 14 15 14 7 14 7
 14 15 15 14 14 25
 14 15 15 14 14 14
 14 15 15 14 14 15
 14 15 15 14 15 25
 14 15 15 14 15 15
 14 15 15 14 15 14
 14 15 15 14 25 25
 14 15 15 25 25 15
 14 15 15 25 25 14
 14 15 15 25 18 25
 14 15 15 25 15 15
 14 15 15 25 15 18
 14 15 15 15 15 15
 14 15 15 15 15 25
 14 15 15 15 15 18
 14 15 15 15 14 25
 14 15 15 15 18 15
 14 15 15 18 18 14
 14 15 15 18 18 15
 14 15 15 18 15 15
 14 15 15 18 25 15
 14 15 15 18 25 14
 14 15 15 18 25 18
 14 15 15 18 14 7
 14 15 18 14 25 25
 14 15 18 14 18 1
 14 15 18 14 18 18
 14 15 18 14 18 14
 14 15 18 14 15 15
 14 15 18 14 15 18
 14 15 18 14 15 14
 14 15 18 14 14 15
 14 15 18 15 15 15
 14 15 18 15 15 18
 14 15 18 15 14 14
 14 15 18 15 25 15
 14 15 18 15 18 15
 14 15 18 15 18 25
 14 15 18 15 18 14
 14 15 18 18 14 18
 14 15 18 18 14 15
 14 15 18 18 14 14
 14 15 18 18 15 15
 14 15 18 18 18 14
 14 15 18 7 7 18
 14 15 18 25 15 15
 14 15 18 25 18 15
 14 15 18 25 18 14
 14 15 18 25 14 18
 14 15 18 25 14 15
 14 15 18 25 14 14
 14 15 25 25 15 14
 14 15 25 15 18 15
 14 15 25 15 18 25
 14 15 25 14 15 18
 14 15 25 14 15 25
 14 15 25 14 15 15
 14 15 25 14 14 25
 14 15 25 18 15 25
 14 15 12 5 7 14
 14 25 6 14 14 18
 14 25 6 14 14 15
 14 25 6 14 1 25
 14 25 6 14 25 18
 14 25 6 14 27 27
 14 25 14 25 6 14
 14 25 14 15 12 5
 14 25 14 15 18 15
 14 25 14 15 15 15
 14 25 14 14 25 6
 14 25 14 7 14 25
 14 25 14 7 14 14
 14 25 14 7 14 15
 14 25 14 7 15 15
 14 25 14 7 15 18
 14 25 25 14 14 14
 14 25 25 14 14 18
 14 25 25 14 14 15
 14 25 25 14 14 7
 14 25 25 14 14 25
 14 25 25 14 18 25
 14 25 25 14 25 14
 14 25 25 14 15 15
 14 25 25 15 25 14
 14 25 25 15 15 15
 14 25 25 7 14 7
 14 25 25 18 18 25
 14 25 25 18 14 15
 14 25 18 25 14 1
 14 25 18 15 15 15
 14 25 15 15 15 15
 14 25 12 25 18 18
 14 18 14 18 14 25
 14 18 14 18 1 25
 14 18 14 18 25 14
 14 18 14 25 14 25
 14 18 14 25 14 14
 14 18 14 25 25 14
 14 18 14 15 14 15
 14 18 14 15 18 25
 14 18 14 14 18 14
 14 18 14 14 14 18
 14 18 14 14 14 14
 14 18 14 14 15 15
 14 18 25 25 14 7
 14 18 25 15 15 15
 14 18 25 15 25 14
 14 18 25 14 25 6
 14 18 15 15 25 15
 14 18 15 15 15 25
 14 18 15 15 15 14
 14 18 15 25 15 15
 14 18 15 25 18 6
 14 18 1 25 25 14
 14 18 1 25 25 25
 14 18 18 25 14 25
 14 7 15 15 25 18
 14 7 15 15 15 18
 14 7 15 15 15 15
 14 7 15 18 15 15
 14 7 14 18 14 25
 14 7 14 25 25 7
 14 7 14 25 25 14
 14 7 14 15 14 15
 14 7 14 15 15 15
 14 7 14 15 25 18
 14 7 14 14 14 18
 14 7 14 14 15 14
 14 7 14 7 15 15
 14 7 18 15 15 25
 14 7 18 15 15 15
 14 7 18 15 25 15
 14 27 27 27 27 27
 1 25 1 25 14 14
 1 25 14 14 15 14
 1 25 14 15 15 15
 1 25 25 14 14 15
 1 25 25 14 25 14
 1 25 25 25 14 15
 25 1 25 14 14 15
 25 14 14 15 14 14
 25 14 14 15 14 25
 25 14 14 15 14 7
 25 14 14 15 15 14
 25 14 14 15 15 25
 25 14 14 15 18 25
 25 14 14 14 7 15
 25 14 14 14 7 18
 25 14 14 14 15 14
 25 14 14 18 15 15
 25 14 14 7 18 15
 25 14 14 7 15 15
 25 14 14 7 14 15
 25 14 14 7 14 14
 25 14 14 25 6 14
 25 14 14 25 25 14
 25 14 14 25 25 18
 25 14 25 6 14 1
 25 14 25 6 14 25
 25 14 25 6 14 14
 25 14 25 14 15 12
 25 14 25 14 25 6
 25 14 25 14 7 14
 25 14 25 14 7 15
 25 14 25 15 15 15
 25 14 25 25 14 15
 25 14 25 25 14 25
 25 14 15 15 25 25
 25 14 15 15 25 18
 25 14 15 15 15 15
 25 14 15 15 15 14
 25 14 15 15 18 15
 25 14 15 15 18 25
 25 14 15 15 14 25
 25 14 15 12 5 7
 25 14 15 25 25 15
 25 14 15 25 14 15
 25 14 15 25 14 14
 25 14 15 18 15 15
 25 14 15 18 15 18
 25 14 15 18 14 18
 25 14 15 18 14 15
 25 14 15 18 7 7
 25 14 15 18 18 14
 25 14 15 18 25 18
 25 14 15 18 25 14
 25 14 15 18 25 15
 25 14 15 14 15 18
 25 14 15 14 15 15
 25 14 18 25 25 14
 25 14 18 14 18 1
 25 14 18 14 15 18
 25 14 7 14 18 14
 25 14 7 14 25 25
 25 14 7 14 14 14
 25 14 7 14 14 15
 25 14 7 14 15 15
 25 14 7 14 15 25
 25 14 7 15 15 15
 25 14 7 15 18 15
 25 14 1 25 25 14
 25 14 1 25 14 15
 25 6 14 14 18 14
 25 6 14 14 15 15
 25 6 14 14 15 14
 25 6 14 1 25 25
 25 6 14 25 18 25
 25 6 14 15 15 15
 25 6 14 27 27 27
 25 6 25 25 15 15
 25 6 15 15 15 15
 25 25 14 14 15 15
 25 25 14 14 15 14
 25 25 14 14 15 18
 25 25 14 14 14 7
 25 25 14 14 14 15
 25 25 14 14 18 15
 25 25 14 14 7 18
 25 25 14 14 7 15
 25 25 14 14 7 14
 25 25 14 14 25 25
 25 25 14 18 25 25
 25 25 14 7 14 18
 25 25 14 15 15 15
 25 25 14 15 15 25
 25 25 14 15 15 18
 25 25 14 15 18 15
 25 25 14 15 25 14
 25 25 14 25 15 15
 25 25 14 25 14 25
 25 25 14 25 14 7
 25 25 14 25 25 14
 25 25 15 14 14 14
 25 25 15 14 14 25
 25 25 15 14 15 15
 25 25 15 25 14 25
 25 25 15 15 15 14
 25 25 15 15 15 15
 25 25 25 25 14 25
 25 25 25 25 14 15
 25 25 25 25 25 25
 25 25 25 25 25 14
 25 25 25 14 25 15
 25 25 25 14 15 15
 25 25 25 14 15 25
 25 25 25 7 15 25
 25 25 25 18 6 14
 25 25 7 14 7 15
 25 25 7 15 25 15
 25 25 18 18 25 15
 25 25 18 18 25 14
 25 25 18 18 14 15
 25 25 18 15 15 15
 25 25 18 14 15 15
 25 25 18 14 25 25
 25 25 18 6 14 25
 25 25 18 7 15 15
 25 18 25 14 15 15
 25 18 25 14 1 25
 25 18 25 25 25 25
 25 18 25 25 25 7
 25 18 25 15 15 15
 25 18 18 25 15 15
 25 18 18 25 14 15
 25 18 18 15 15 15
 25 18 18 18 14 15
 25 18 18 14 7 15
 25 18 18 14 15 15
 25 18 14 25 18 15
 25 18 14 25 25 14
 25 18 14 15 15 15
 25 18 14 15 15 25
 25 18 14 15 25 15
 25 18 14 15 25 14
 25 18 14 15 14 15
 25 18 15 15 15 15
 25 18 15 15 15 18
 25 18 15 15 15 14
 25 18 15 15 18 18
 25 18 15 25 15 15
 25 18 6 15 15 15
 25 18 6 14 25 25
 25 18 7 15 15 14
 25 15 14 14 14 14
 25 15 14 14 25 12
 25 15 14 15 15 14
 25 15 25 14 25 14
 25 15 25 14 15 25
 25 15 25 14 1 25
 25 15 25 25 14 15
 25 15 25 25 25 25
 25 15 25 25 15 15
 25 15 25 15 15 15
 25 15 25 15 15 18
 25 15 15 15 15 15
 25 15 15 15 15 14
 25 15 15 15 15 18
 25 15 15 15 15 25
 25 15 15 15 18 15
 25 15 15 15 14 14
 25 15 15 15 14 15
 25 15 15 15 25 15
 25 15 15 15 25 14
 25 15 15 18 15 14
 25 15 15 18 15 15
 25 15 15 18 15 18
 25 15 15 18 14 25
 25 15 15 18 25 15
 25 15 15 25 25 15
 25 15 18 25 15 18
 25 15 18 25 25 18
 25 15 18 25 14 15
 25 15 18 25 18 14
 25 15 18 25 6 14
 25 15 18 15 15 15
 25 7 14 7 15 15
 25 7 15 25 15 25
 25 12 25 18 18 25
 15 14 14 15 15 14
 15 14 14 15 15 18
 15 14 14 15 15 15
 15 14 14 15 18 14
 15 14 14 15 18 15
 15 14 14 15 18 25
 15 14 14 15 14 15
 15 14 14 15 14 25
 15 14 14 25 6 14
 15 14 14 25 25 14
 15 14 14 25 25 18
 15 14 14 25 12 25
 15 14 14 14 14 14
 15 14 14 14 14 18
 15 14 14 14 15 15
 15 14 14 7 18 15
 15 14 14 7 15 15
 15 14 14 18 15 25
 15 14 15 25 25 15
 15 14 15 25 14 15
 15 14 15 25 15 18
 15 14 15 15 14 25
 15 14 15 15 14 14
 15 14 15 15 14 15
 15 14 15 15 15 15
 15 14 15 15 15 14
 15 14 15 15 15 18
 15 14 15 15 18 18
 15 14 15 15 18 15
 15 14 15 15 18 25
 15 14 15 18 15 14
 15 14 15 18 15 15
 15 14 15 18 15 25
 15 14 15 18 15 18
 15 14 15 18 18 14
 15 14 15 18 18 15
 15 14 15 18 18 18
 15 14 15 18 14 18
 15 14 15 18 14 15
 15 14 15 18 14 14
 15 14 15 18 25 15
 15 14 15 18 25 14
 15 14 15 18 25 18
 15 14 15 14 15 18
 15 14 15 14 15 14
 15 14 15 14 15 15
 15 14 15 14 15 25
 15 14 15 14 14 15
 15 14 15 14 25 25
 15 14 25 25 15 25
 15 14 25 25 14 14
 15 14 25 25 14 25
 15 14 25 25 14 15
 15 14 25 14 15 15
 15 14 25 14 7 15
 15 14 25 6 14 14
 15 14 7 14 25 25
 15 14 7 14 7 15
 15 14 7 18 15 25
 15 14 18 25 15 15
 15 14 18 14 15 14
 15 14 18 14 18 14
 15 14 18 15 25 15
 15 14 18 15 25 18
 15 14 18 15 15 15
 15 14 18 1 25 25
 15 15 14 14 25 6
 15 15 14 14 25 25
 15 15 14 14 7 18
 15 15 14 14 7 15
 15 15 14 14 14 14
 15 15 14 14 14 15
 15 15 14 14 15 14
 15 15 14 14 15 15
 15 15 14 15 25 25
 15 15 14 15 15 15
 15 15 14 15 15 18
 15 15 14 15 15 14
 15 15 14 15 14 15
 15 15 14 15 14 14
 15 15 14 15 18 15
 15 15 14 15 18 25
 15 15 14 25 25 15
 15 15 14 25 25 14
 15 15 14 25 14 7
 15 15 14 25 6 14
 15 15 14 7 14 25
 15 15 14 18 15 25
 15 15 14 18 15 15
 15 15 25 18 25 14
 15 15 25 18 25 25
 15 15 25 18 6 15
 15 15 25 18 18 15
 15 15 25 25 15 14
 15 15 25 25 15 15
 15 15 25 25 18 14
 15 15 25 25 18 7
 15 15 25 25 18 15
 15 15 25 25 18 18
 15 15 25 25 25 18
 15 15 25 25 14 15
 15 15 25 25 14 25
 15 15 25 15 25 25
 15 15 25 15 25 15
 15 15 25 15 15 15
 15 15 25 15 15 18
 15 15 25 15 18 25
 15 15 25 14 15 18
 15 15 25 14 15 15
 15 15 25 14 25 25
 15 15 25 14 7 14
 15 15 25 6 14 15
 15 15 25 6 25 25
 15 15 25 6 15 15
 15 15 15 15 15 15
 15 15 15 15 15 12
 15 15 15 15 15 14
 15 15 15 15 15 18
 15 15 15 15 15 25
 15 15 15 15 15 6
 15 15 15 15 12 5
 15 15 15 15 12 12
 15 15 15 15 18 15
 15 15 15 15 18 25
 15 15 15 15 18 14
 15 15 15 15 18 7
 15 15 15 15 18 6
 15 15 15 15 18 18
 15 15 15 15 14 25
 15 15 15 15 14 7
 15 15 15 15 14 15
 15 15 15 15 14 14
 15 15 15 15 14 18
 15 15 15 15 25 15
 15 15 15 15 25 25
 15 15 15 15 25 18
 15 15 15 15 25 14
 15 15 15 15 25 6
 15 15 15 15 6 15
 15 15 15 15 6 6
 15 15 15 15 6 14
 15 15 15 12 5 15
 15 15 15 12 12 15
 15 15 15 18 15 15
 15 15 15 18 15 25
 15 15 15 18 15 14
 15 15 15 18 15 18
 15 15 15 18 15 12
 15 15 15 18 15 7
 15 15 15 18 25 18
 15 15 15 18 25 15
 15 15 15 18 25 14
 15 15 15 18 25 25
 15 15 15 18 14 15
 15 15 15 18 7 15
 15 15 15 18 6 15
 15 15 15 18 18 18
 15 15 15 14 25 25
 15 15 15 14 25 14
 15 15 15 14 25 6
 15 15 15 14 7 14
 15 15 15 14 15 15
 15 15 15 14 15 14
 15 15 15 14 15 18
 15 15 15 14 14 25
 15 15 15 14 14 7
 15 15 15 14 14 15
 15 15 15 14 18 15
 15 15 15 25 15 15
 15 15 15 25 15 18
 15 15 15 25 15 25
 15 15 15 25 25 15
 15 15 15 25 25 25
 15 15 15 25 25 14
 15 15 15 25 25 18
 15 15 15 25 18 6
 15 15 15 25 18 18
 15 15 15 25 14 15
 15 15 15 25 14 25
 15 15 15 25 14 7
 15 15 15 25 6 14
 15 15 15 25 6 25
 15 15 15 25 6 15
 15 15 15 6 15 15
 15 15 15 6 6 15
 15 15 15 6 14 15
 15 15 15 7 15 15
 15 15 12 5 15 15
 15 15 12 12 15 15
 15 15 18 15 15 15
 15 15 18 15 15 25
 15 15 18 15 15 18
 15 15 18 15 15 14
 15 15 18 15 25 25
 15 15 18 15 25 14
 15 15 18 15 25 18
 15 15 18 15 25 15
 15 15 18 15 14 25
 15 15 18 15 14 18
 15 15 18 15 14 15
 15 15 18 15 14 7
 15 15 18 15 14 14
 15 15 18 15 18 15
 15 15 18 15 18 14
 15 15 18 15 18 18
 15 15 18 15 12 12
 15 15 18 15 7 15
 15 15 18 25 18 25
 15 15 18 25 18 15
 15 15 18 25 15 18
 15 15 18 25 15 15
 15 15 18 25 14 15
 15 15 18 25 14 18
 15 15 18 25 25 18
 15 15 18 14 25 14
 15 15 18 14 15 14
 15 15 18 14 15 18
 15 15 18 14 7 18
 15 15 18 18 14 15
 15 15 18 18 14 18
 15 15 18 18 15 18
 15 15 18 18 15 15
 15 15 18 18 18 14
 15 15 18 7 15 15
 15 15 18 6 15 15
 15 15 6 15 15 15
 15 15 6 6 15 15
 15 15 6 14 15 15
 15 15 7 15 15 15
 15 25 18 25 14 15
 15 25 18 25 25 25
 15 25 18 14 25 18
 15 25 18 14 15 25
 15 25 18 6 15 15
 15 25 18 18 15 15
 15 25 18 18 18 14
 15 25 18 18 14 7
 15 25 18 18 14 15
 15 25 18 15 15 15
 15 25 18 15 25 15
 15 25 25 15 14 14
 15 25 25 15 14 15
 15 25 25 15 15 15
 15 25 25 14 15 15
 15 25 25 14 15 18
 15 25 25 14 25 25
 15 25 25 25 25 14
 15 25 25 25 18 6
 15 25 25 18 14 15
 15 25 25 18 14 25
 15 25 25 18 18 14
 15 25 25 18 18 25
 15 25 25 18 7 15
 15 25 25 18 15 15
 15 25 14 25 14 15
 15 25 14 25 25 14
 15 25 14 15 25 25
 15 25 14 15 25 14
 15 25 14 15 18 15
 15 25 14 15 18 14
 15 25 14 15 18 7
 15 25 14 15 18 18
 15 25 14 15 18 25
 15 25 14 15 15 15
 15 25 14 1 25 14
 15 25 14 14 25 6
 15 25 14 14 25 25
 15 25 14 7 14 15
 15 25 15 25 25 14
 15 25 15 25 25 25
 15 25 15 25 25 15
 15 25 15 25 14 15
 15 25 15 25 15 15
 15 25 15 15 15 18
 15 25 15 15 15 15
 15 25 15 15 15 25
 15 25 15 15 18 15
 15 25 15 15 18 14
 15 25 15 18 15 15
 15 25 15 18 25 14
 15 25 15 18 25 18
 15 25 15 18 25 15
 15 25 6 14 15 15
 15 25 6 25 25 15
 15 25 6 15 15 15
 15 18 14 25 25 14
 15 18 14 25 14 15
 15 18 14 18 1 25
 15 18 14 18 18 25
 15 18 14 18 14 18
 15 18 14 18 25 15
 15 18 14 18 15 15
 15 18 14 15 15 15
 15 18 14 15 18 15
 15 18 14 15 18 14
 15 18 14 15 18 25
 15 18 14 15 14 15
 15 18 14 14 15 15
 15 18 14 14 15 14
 15 18 14 7 18 15
 15 18 15 15 15 15
 15 18 15 15 15 18
 15 18 15 15 15 7
 15 18 15 15 15 25
 15 18 15 15 25 25
 15 18 15 15 25 18
 15 18 15 15 25 15
 15 18 15 15 18 15
 15 18 15 15 18 14
 15 18 15 15 18 18
 15 18 15 15 18 25
 15 18 15 15 14 15
 15 18 15 25 25 14
 15 18 15 25 25 18
 15 18 15 25 25 15
 15 18 15 25 14 15
 15 18 15 25 18 14
 15 18 15 25 18 15
 15 18 15 25 18 18
 15 18 15 25 15 15
 15 18 15 14 25 25
 15 18 15 14 25 14
 15 18 15 14 18 25
 15 18 15 14 18 14
 15 18 15 14 18 15
 15 18 15 14 18 1
 15 18 15 14 14 15
 15 18 15 14 15 15
 15 18 15 14 15 14
 15 18 15 14 15 18
 15 18 15 14 15 25
 15 18 15 14 7 18
 15 18 15 18 15 15
 15 18 15 18 15 18
 15 18 15 18 15 25
 15 18 15 18 25 14
 15 18 15 18 14 14
 15 18 15 18 14 18
 15 18 15 18 18 15
 15 18 15 12 12 25
 15 18 15 7 15 15
 15 18 25 18 25 15
 15 18 25 18 15 15
 15 18 25 18 14 15
 15 18 25 15 18 25
 15 18 25 15 15 15
 15 18 25 15 15 18
 15 18 25 15 15 25
 15 18 25 25 18 15
 15 18 25 14 15 15
 15 18 25 14 15 14
 15 18 25 14 15 18
 15 18 25 14 18 14
 15 18 25 14 14 15
 15 18 25 6 14 15
 15 18 18 14 18 14
 15 18 18 14 18 1
 15 18 18 14 15 14
 15 18 18 14 15 15
 15 18 18 14 15 25
 15 18 18 14 15 18
 15 18 18 14 14 18
 15 18 18 15 15 15
 15 18 18 15 25 15
 15 18 18 15 18 15
 15 18 18 18 14 25
 15 18 18 18 14 15
 15 18 18 18 14 18
 15 18 7 7 18 15
 15 18 7 15 15 15
 15 18 6 15 15 15
 15 12 5 7 14 14
 15 12 5 15 15 15
 15 12 12 15 15 15
 15 12 12 25 18 14
 15 6 15 15 15 15
 15 6 6 15 15 15
 15 6 14 15 15 15
 15 7 15 15 15 15
 6 14 14 18 14 18
 6 14 14 15 15 14
 6 14 14 15 15 15
 6 14 14 15 14 14
 6 14 1 25 25 14
 6 14 25 18 25 14
 6 14 25 25 14 15
 6 14 15 15 15 18
 6 14 15 15 15 15
 6 14 27 27 27 27
 6 15 15 15 15 15
 6 15 15 15 15 18
 6 6 15 15 15 15
 6 25 25 15 15 15
 18 14 18 14 25 14
 18 14 18 14 25 25
 18 14 18 14 18 25
 18 14 18 1 25 25
 18 14 18 25 14 25
 18 14 18 25 15 25
 18 14 18 18 25 14
 18 14 18 15 15 15
 18 14 25 14 25 6
 18 14 25 14 14 25
 18 14 25 14 15 18
 18 14 25 25 14 18
 18 14 25 25 14 15
 18 14 25 25 14 14
 18 14 25 25 15 15
 18 14 25 18 15 15
 18 14 15 14 15 18
 18 14 15 14 15 14
 18 14 15 15 15 15
 18 14 15 15 14 15
 18 14 15 15 25 15
 18 14 15 18 15 15
 18 14 15 18 15 18
 18 14 15 18 14 15
 18 14 15 18 25 15
 18 14 15 18 25 14
 18 14 15 25 15 18
 18 14 15 25 14 15
 18 14 14 15 15 15
 18 14 14 15 14 15
 18 14 14 18 14 14
 18 14 14 14 18 14
 18 14 14 14 14 18
 18 14 7 15 15 15
 18 14 7 18 15 15
 18 25 14 15 15 25
 18 25 14 15 15 15
 18 25 14 15 15 14
 18 25 14 15 15 18
 18 25 14 15 14 15
 18 25 14 15 18 25
 18 25 14 1 25 25
 18 25 14 25 6 14
 18 25 14 18 14 18
 18 25 14 18 14 15
 18 25 14 14 15 18
 18 25 25 14 7 14
 18 25 25 25 25 25
 18 25 25 25 7 15
 18 25 25 18 15 15
 18 25 15 15 15 15
 18 25 15 15 15 14
 18 25 15 15 15 18
 18 25 15 15 15 25
 18 25 15 15 18 15
 18 25 15 15 18 25
 18 25 15 15 25 25
 18 25 15 18 25 15
 18 25 15 18 25 25
 18 25 15 18 25 6
 18 25 15 25 14 1
 18 25 18 25 15 15
 18 25 18 15 15 15
 18 25 18 15 15 18
 18 25 18 14 15 25
 18 25 18 14 15 14
 18 25 6 14 15 15
 18 15 15 25 15 25
 18 15 15 25 15 15
 18 15 15 25 25 15
 18 15 15 25 25 18
 18 15 15 25 18 6
 18 15 15 15 15 15
 18 15 15 15 15 25
 18 15 15 15 15 12
 18 15 15 15 15 18
 18 15 15 15 18 25
 18 15 15 15 18 15
 18 15 15 15 14 15
 18 15 15 15 7 15
 18 15 15 15 25 15
 18 15 15 15 25 14
 18 15 15 18 15 15
 18 15 15 18 14 15
 18 15 15 18 18 15
 18 15 15 18 25 15
 18 15 15 14 15 18
 18 15 25 25 14 15
 18 15 25 25 18 18
 18 15 25 25 15 15
 18 15 25 14 15 18
 18 15 25 15 15 15
 18 15 25 15 15 18
 18 15 25 18 14 25
 18 15 25 18 14 15
 18 15 25 18 15 15
 18 15 25 18 18 18
 18 15 25 18 18 15
 18 15 25 18 18 14
 18 15 25 18 6 15
 18 15 14 25 25 14
 18 15 14 25 14 15
 18 15 14 18 25 15
 18 15 14 18 14 15
 18 15 14 18 14 18
 18 15 14 18 15 15
 18 15 14 18 1 25
 18 15 14 14 15 18
 18 15 14 14 15 15
 18 15 14 15 15 15
 18 15 14 15 15 14
 18 15 14 15 15 18
 18 15 14 15 14 15
 18 15 14 15 14 14
 18 15 14 15 18 15
 18 15 14 15 18 14
 18 15 14 15 18 25
 18 15 14 15 25 15
 18 15 14 7 18 15
 18 15 18 15 15 18
 18 15 18 15 15 15
 18 15 18 15 18 15
 18 15 18 15 25 15
 18 15 18 25 14 15
 18 15 18 14 14 15
 18 15 18 14 18 25
 18 15 18 14 18 15
 18 15 18 18 15 25
 18 15 12 12 25 18
 18 15 7 15 15 15
 18 18 25 15 15 15
 18 18 25 14 25 6
 18 18 25 14 15 15
 18 18 14 18 14 18
 18 18 14 18 14 25
 18 18 14 18 1 25
 18 18 14 15 14 15
 18 18 14 15 15 15
 18 18 14 15 15 14
 18 18 14 15 25 14
 18 18 14 15 18 25
 18 18 14 7 15 15
 18 18 14 25 25 15
 18 18 14 14 18 14
 18 18 15 15 15 15
 18 18 15 25 15 15
 18 18 15 18 15 15
 18 18 18 14 15 15
 18 18 18 14 15 14
 18 18 18 14 25 25
 18 18 18 14 18 14
 18 1 25 25 14 25
 18 1 25 25 25 14
 18 6 15 15 15 15
 18 6 14 25 25 14
 18 7 7 18 15 25
 18 7 15 15 15 15
 18 7 15 15 14 15
 7 15 15 25 18 25
 7 15 15 15 18 15
 7 15 15 15 15 15
 7 15 15 14 15 15
 7 15 25 15 25 14
 7 15 18 15 15 15
 7 14 18 14 25 14
 7 14 14 14 25 25
 7 14 14 14 18 15
 7 14 14 15 14 15
 7 14 25 25 7 14
 7 14 25 25 14 14
 7 14 7 15 15 25
 7 14 7 15 15 15
 7 14 15 14 15 14
 7 14 15 15 15 15
 7 14 15 15 15 18
 7 14 15 25 18 15
 7 18 15 15 25 15
 7 18 15 15 15 25
 7 18 15 25 15 15
 7 7 18 15 25 15
 12 5 7 14 14 14
 12 5 15 15 15 15
 12 25 18 18 25 15
 12 25 18 14 15 15
 12 12 15 15 15 15
 12 12 25 18 14 15
 12 15 15 15 15 15
 5 7 14 14 14 25
 5 15 15 15 15 18
