 13 13 2 13 25 6
 13 13 6 13 25 6
 13 13 25 25 25 25
 13 13 25 14 14 14
 13 13 13 14 14 6
 13 13 14 14 6 13
 13 2 13 25 6 27
 13 25 6 27 27 27
 13 25 25 25 25 25
 13 25 14 14 14 27
 13 6 13 25 6 27
 13 14 14 25 6 13
 13 14 14 25 6 12
 13 14 14 6 13 14
 13 14 14 6 13 13
 2 13 25 6 27 27
 2 21 13 13 6 13
 25 6 27 27 27 27
 25 6 13 14 14 25
 25 6 12 13 13 13
 25 27 27 27 27 27
 25 25 25 25 25 25
 25 25 25 25 25 27
 25 25 25 25 25 13
 25 25 25 25 27 27
 25 25 25 25 13 13
 25 25 25 25 13 14
 25 25 25 27 27 27
 25 25 25 13 13 25
 25 25 25 13 14 14
 25 25 27 27 27 27
 25 25 13 13 25 25
 25 25 13 14 14 25
 25 13 13 25 25 25
 25 13 14 14 25 6
 25 14 14 14 27 27
 6 27 27 27 27 27
 6 13 25 6 27 27
 6 13 14 14 25 6
 6 13 14 14 6 13
 6 13 13 25 14 14
 6 12 13 13 13 14
 21 13 13 6 13 25
 14 14 25 6 13 14
 14 14 25 6 12 13
 14 14 6 13 14 14
 14 14 6 13 13 25
 14 14 14 27 27 27
 14 14 27 27 27 27
 14 25 6 13 14 14
 14 25 6 12 13 13
 14 6 13 14 14 6
 14 6 13 13 25 14
 14 27 27 27 27 27
 12 13 13 13 14 14
