 14 19 18 17 17 13 9 12 14 6
 14 6 18 18 17 17 18 14 18 17
 14 18 17 17 25 18 18 14 17 18
 14 18 17 17 25 18 18 14 14 14
 14 18 17 17 25 18 18 14 18 18
 14 18 17 17 25 18 18 18 14 17
 14 18 17 17 25 18 14 18 18 18
 14 18 17 17 25 18 14 18 18 14
 14 18 17 17 25 18 14 18 17 17
 14 18 17 17 25 18 14 18 17 18
 14 18 17 17 25 18 14 18 27 27
 14 18 17 17 25 18 14 14 18 17
 14 18 17 17 25 18 14 14 18 18
 14 18 17 17 25 17 17 25 18 14
 14 18 17 17 17 17 25 18 14 18
 14 18 17 18 17 25 18 17 17 18
 14 18 17 18 17 25 18 18 14 17
 14 18 17 18 17 25 18 18 14 18
 14 18 17 18 17 18 17 18 17 18
 14 18 18 18 18 18 18 18 18 18
 14 18 18 18 18 14 18 18 18 18
 14 18 18 18 18 14 18 18 18 14
 14 18 18 18 18 17 18 17 18 18
 14 18 18 18 14 18 18 18 18 14
 14 18 18 18 14 18 18 14 18 18
 14 18 18 18 14 17 18 17 18 18
 14 18 18 18 17 17 17 17 25 18
 14 18 18 18 17 17 25 18 14 18
 14 18 18 14 18 18 14 18 18 14
 14 18 18 14 18 18 14 18 18 18
 14 18 18 14 18 18 14 18 14 14
 14 18 18 14 18 18 18 18 18 18
 14 18 18 14 18 18 18 17 17 17
 14 18 18 14 18 17 17 25 18 14
 14 18 18 14 18 14 14 14 14 18
 14 18 18 14 14 17 18 17 18 18
 14 18 27 27 27 27 27 27 27 27
 14 18 14 14 14 14 18 18 14 18
 14 17 18 17 18 14 14 18 18 18
 14 17 18 17 18 18 18 18 18 18
 14 17 18 17 18 18 18 14 18 18
 14 17 18 17 18 18 18 17 18 17
 14 17 18 17 18 17 18 17 18 14
 14 17 18 17 17 17 18 14 18 18
 14 17 18 17 17 17 25 18 14 18
 14 17 18 17 25 18 17 18 17 18
 14 17 18 17 25 18 18 18 14 18
 14 17 18 27 27 27 27 27 27 27
 14 14 18 18 18 18 18 18 18 18
 14 14 18 18 18 18 17 18 17 18
 14 14 18 18 14 18 18 14 18 18
 14 14 18 17 18 17 18 17 18 17
 14 14 17 18 17 25 18 17 18 17
 14 14 17 18 17 18 18 18 18 18
 14 14 17 18 17 18 18 18 17 18
 14 14 14 17 18 17 18 18 18 18
 14 14 14 17 18 17 18 18 18 17
 14 14 14 14 18 18 14 18 18 14
 14 14 14 18 18 14 18 18 14 18
 14 27 27 27 27 27 27 27 27 27
 19 18 17 17 13 9 12 14 6 18
 18 17 17 13 9 12 14 6 18 18
 18 17 17 18 14 18 17 17 25 18
 18 17 17 18 17 18 17 25 18 14
 18 17 17 25 18 18 14 17 18 17
 18 17 17 25 18 18 14 14 14 17
 18 17 17 25 18 18 14 18 18 14
 18 17 17 25 18 18 18 14 17 18
 18 17 17 25 18 14 18 18 18 17
 18 17 17 25 18 14 18 18 14 18
 18 17 17 25 18 14 18 17 17 25
 18 17 17 25 18 14 18 17 18 17
 18 17 17 25 18 14 18 27 27 27
 18 17 17 25 18 14 14 18 17 18
 18 17 17 25 18 14 14 18 18 18
 18 17 17 25 17 17 25 18 14 18
 18 17 17 17 17 17 17 17 17 17
 18 17 17 17 17 17 17 17 17 18
 18 17 17 17 17 17 17 18 14 14
 18 17 17 17 17 17 18 14 27 27
 18 17 17 17 17 17 18 14 17 18
 18 17 17 17 17 25 18 14 18 18
 18 17 17 17 17 25 18 14 18 17
 18 17 17 17 18 14 18 18 18 18
 18 17 17 17 18 14 17 18 27 27
 18 17 17 17 25 18 14 18 17 17
 18 17 18 14 14 18 18 18 18 18
 18 17 18 14 17 18 17 25 18 18
 18 17 18 17 25 18 14 17 18 17
 18 17 18 17 25 18 17 17 18 14
 18 17 18 17 25 18 18 14 17 18
 18 17 18 17 25 18 18 14 18 17
 18 17 18 17 25 17 17 17 17 18
 18 17 18 17 18 17 18 17 18 18
 18 17 18 17 18 17 18 17 18 17
 18 17 18 17 18 17 18 17 17 17
 18 17 18 17 18 17 18 17 17 18
 18 17 18 17 18 17 18 18 18 18
 18 17 18 17 18 17 18 18 17 18
 18 17 18 17 18 17 18 14 17 18
 18 17 18 17 18 17 17 17 17 17
 18 17 18 17 18 17 17 17 18 14
 18 17 18 17 18 17 17 18 17 18
 18 17 18 17 18 18 18 18 18 18
 18 17 18 17 18 18 17 18 17 18
 18 17 18 17 18 14 17 18 17 25
 18 17 18 17 17 17 17 17 18 14
 18 17 18 17 17 17 18 14 17 18
 18 17 18 17 17 18 17 18 17 25
 18 17 18 18 18 18 18 18 18 17
 18 17 18 18 18 18 18 18 18 18
 18 17 18 18 18 18 18 18 17 17
 18 17 18 18 18 14 18 18 18 14
 18 17 18 18 18 17 18 17 18 17
 18 17 18 18 17 18 17 18 17 18
 18 17 18 18 17 18 17 18 17 17
 18 17 25 18 14 17 18 17 17 17
 18 17 25 18 17 17 18 14 18 17
 18 17 25 18 17 18 17 18 18 17
 18 17 25 18 17 18 17 18 17 18
 18 17 25 18 18 14 17 18 17 17
 18 17 25 18 18 14 18 17 17 17
 18 17 25 18 18 18 14 18 18 18
 18 17 25 17 17 17 17 18 14 18
 18 18 17 17 18 14 18 17 17 25
 18 18 17 17 17 17 17 17 17 17
 18 18 17 17 17 17 17 17 18 14
 18 18 17 17 17 17 25 18 14 18
 18 18 17 17 25 18 14 18 17 17
 18 18 17 18 17 18 17 18 17 18
 18 18 17 18 17 18 17 17 17 17
 18 18 17 18 17 18 18 18 18 18
 18 18 14 17 18 17 18 14 14 18
 18 18 14 17 18 17 18 18 18 14
 18 18 14 17 18 17 17 17 25 18
 18 18 14 18 18 18 18 14 18 18
 18 18 14 18 18 18 18 18 18 18
 18 18 14 18 18 18 14 18 18 18
 18 18 14 18 18 18 14 18 18 14
 18 18 14 18 18 18 14 17 18 17
 18 18 14 18 18 18 17 17 17 17
 18 18 14 18 18 14 18 18 14 18
 18 18 14 18 18 14 18 18 18 18
 18 18 14 18 18 14 18 18 18 17
 18 18 14 18 18 14 18 14 14 14
 18 18 14 18 18 14 14 17 18 17
 18 18 14 18 17 17 17 17 25 18
 18 18 14 18 17 17 25 18 14 18
 18 18 14 18 14 14 14 14 18 18
 18 18 14 14 14 17 18 17 18 18
 18 18 14 14 17 18 17 18 18 18
 18 18 18 18 18 18 18 18 18 18
 18 18 18 18 18 18 18 18 18 17
 18 18 18 18 18 18 18 18 18 14
 18 18 18 18 18 18 18 18 17 17
 18 18 18 18 18 18 18 18 14 18
 18 18 18 18 18 18 18 17 17 17
 18 18 18 18 18 18 18 14 18 18
 18 18 18 18 18 18 17 17 17 17
 18 18 18 18 18 18 14 18 18 14
 18 18 18 18 18 17 17 17 17 17
 18 18 18 18 18 17 17 17 17 25
 18 18 18 18 18 14 18 18 14 18
 18 18 18 18 17 17 17 17 17 17
 18 18 18 18 17 17 17 17 25 18
 18 18 18 18 17 18 17 18 18 18
 18 18 18 18 14 18 18 18 18 14
 18 18 18 18 14 18 18 18 18 18
 18 18 18 18 14 18 18 18 14 18
 18 18 18 18 14 18 18 14 18 18
 18 18 18 17 17 17 17 17 17 17
 18 18 18 17 17 17 17 17 17 18
 18 18 18 17 17 17 17 25 18 14
 18 18 18 17 17 25 18 14 18 17
 18 18 18 17 18 17 18 17 18 17
 18 18 18 17 18 17 18 18 18 18
 18 18 18 14 18 18 18 18 14 18
 18 18 18 14 18 18 18 18 18 18
 18 18 18 14 18 18 18 14 18 18
 18 18 18 14 18 18 18 14 17 18
 18 18 18 14 18 18 14 18 18 14
 18 18 18 14 17 18 17 17 17 25
 18 18 18 14 17 18 17 18 18 18
 18 14 18 17 17 25 18 18 14 17
 18 14 18 17 17 25 18 18 14 14
 18 14 18 17 17 25 18 18 14 18
 18 14 18 17 17 25 18 18 18 14
 18 14 18 17 17 25 18 14 18 18
 18 14 18 17 17 25 18 14 18 17
 18 14 18 17 17 25 18 14 18 27
 18 14 18 17 17 25 18 14 14 18
 18 14 18 17 17 25 17 17 25 18
 18 14 18 17 17 17 17 25 18 14
 18 14 18 17 18 17 25 18 17 17
 18 14 18 17 18 17 25 18 18 14
 18 14 18 18 18 18 14 18 18 18
 18 14 18 18 18 18 18 18 18 18
 18 14 18 18 18 14 18 18 18 18
 18 14 18 18 18 14 18 18 14 18
 18 14 18 18 18 14 17 18 17 18
 18 14 18 18 18 17 17 17 17 25
 18 14 18 18 18 17 17 25 18 14
 18 14 18 18 14 18 18 14 18 18
 18 14 18 18 14 18 18 14 18 14
 18 14 18 18 14 18 18 18 18 18
 18 14 18 18 14 18 18 18 17 17
 18 14 18 18 14 18 17 17 25 18
 18 14 18 18 14 18 14 14 14 14
 18 14 18 18 14 14 17 18 17 18
 18 14 18 27 27 27 27 27 27 27
 18 14 18 14 14 14 14 18 18 14
 18 14 17 18 17 18 14 14 18 18
 18 14 17 18 17 18 17 18 17 18
 18 14 17 18 17 18 18 18 14 18
 18 14 17 18 17 17 17 18 14 18
 18 14 17 18 17 17 17 25 18 14
 18 14 17 18 17 25 18 18 18 14
 18 14 17 18 27 27 27 27 27 27
 18 14 14 18 18 18 18 18 18 18
 18 14 14 18 18 18 18 17 18 17
 18 14 14 18 17 18 17 18 17 18
 18 14 14 17 18 17 25 18 17 18
 18 14 14 17 18 17 18 18 18 18
 18 14 14 14 17 18 17 18 18 18
 18 14 14 14 14 18 18 14 18 18
 18 14 27 27 27 27 27 27 27 27
 18 27 27 27 27 27 27 27 27 27
 17 17 13 9 12 14 6 18 18 17
 17 17 18 14 18 17 17 25 18 18
 17 17 18 14 18 17 17 25 18 14
 17 17 18 14 18 18 18 18 14 18
 17 17 18 14 18 18 18 18 18 18
 17 17 18 14 18 18 14 18 18 14
 17 17 18 14 14 17 18 17 25 18
 17 17 18 14 27 27 27 27 27 27
 17 17 18 14 17 18 17 18 17 18
 17 17 18 14 17 18 27 27 27 27
 17 17 18 17 18 17 25 18 14 17
 17 17 18 17 18 17 25 17 17 17
 17 17 25 18 18 14 17 18 17 18
 17 17 25 18 18 14 14 14 17 18
 17 17 25 18 18 14 18 18 14 14
 17 17 25 18 18 18 14 17 18 17
 17 17 25 18 14 18 18 18 17 17
 17 17 25 18 14 18 18 14 18 17
 17 17 25 18 14 18 17 17 25 18
 17 17 25 18 14 18 17 17 25 17
 17 17 25 18 14 18 17 18 17 25
 17 17 25 18 14 18 27 27 27 27
 17 17 25 18 14 14 18 17 18 17
 17 17 25 18 14 14 18 18 18 18
 17 17 25 17 17 25 18 14 18 18
 17 17 17 17 17 17 17 17 17 17
 17 17 17 17 17 17 17 17 17 18
 17 17 17 17 17 17 17 17 18 17
 17 17 17 17 17 17 17 17 18 14
 17 17 17 17 17 17 17 18 17 18
 17 17 17 17 17 17 17 18 14 17
 17 17 17 17 17 17 17 18 14 14
 17 17 17 17 17 17 18 17 18 17
 17 17 17 17 17 17 18 14 14 17
 17 17 17 17 17 17 18 14 17 18
 17 17 17 17 17 18 17 18 17 25
 17 17 17 17 17 18 14 14 17 18
 17 17 17 17 17 18 14 27 27 27
 17 17 17 17 17 18 14 17 18 17
 17 17 17 17 17 18 14 17 18 27
 17 17 17 17 18 17 18 17 25 18
 17 17 17 17 18 17 18 17 25 17
 17 17 17 17 18 14 14 17 18 17
 17 17 17 17 18 14 27 27 27 27
 17 17 17 17 18 14 17 18 17 18
 17 17 17 17 18 14 17 18 27 27
 17 17 17 17 18 14 18 18 14 18
 17 17 17 17 25 18 14 18 18 18
 17 17 17 17 25 18 14 18 17 17
 17 17 17 18 17 18 17 25 18 14
 17 17 17 18 17 18 17 25 17 17
 17 17 17 18 14 18 18 18 18 14
 17 17 17 18 14 18 18 18 18 18
 17 17 17 18 14 18 18 14 18 18
 17 17 17 18 14 14 17 18 17 25
 17 17 17 18 14 27 27 27 27 27
 17 17 17 18 14 17 18 17 18 17
 17 17 17 18 14 17 18 27 27 27
 17 17 17 25 18 14 18 18 18 17
 17 17 17 25 18 14 18 17 17 25
 17 13 9 12 14 6 18 18 17 17
 17 18 14 18 17 17 25 18 18 14
 17 18 14 18 17 17 25 18 14 18
 17 18 14 18 18 18 18 14 18 18
 17 18 14 18 18 18 18 18 18 18
 17 18 14 18 18 14 18 18 14 18
 17 18 14 14 18 18 18 18 18 18
 17 18 14 14 17 18 17 25 18 17
 17 18 14 27 27 27 27 27 27 27
 17 18 14 17 18 17 18 17 18 17
 17 18 14 17 18 17 25 18 18 18
 17 18 14 17 18 27 27 27 27 27
 17 18 17 18 14 14 18 18 18 18
 17 18 17 18 14 17 18 17 25 18
 17 18 17 18 17 25 18 14 17 18
 17 18 17 18 17 25 17 17 17 17
 17 18 17 18 17 18 17 18 18 18
 17 18 17 18 17 18 17 18 18 17
 17 18 17 18 17 18 17 18 17 18
 17 18 17 18 17 18 17 18 17 17
 17 18 17 18 17 18 17 18 14 17
 17 18 17 18 17 18 17 17 17 17
 17 18 17 18 17 18 17 17 17 18
 17 18 17 18 17 18 17 17 18 17
 17 18 17 18 17 18 18 18 18 18
 17 18 17 18 17 18 18 17 18 17
 17 18 17 18 17 18 14 17 18 17
 17 18 17 18 17 17 17 17 17 18
 17 18 17 18 17 17 17 18 14 17
 17 18 17 18 17 17 18 17 18 17
 17 18 17 18 18 18 18 18 18 18
 17 18 17 18 18 18 18 18 18 17
 17 18 17 18 18 18 14 18 18 18
 17 18 17 18 18 18 17 18 17 18
 17 18 17 18 18 17 18 17 18 17
 17 18 17 25 18 14 17 18 17 17
 17 18 17 25 18 17 17 18 14 18
 17 18 17 25 18 17 18 17 18 18
 17 18 17 25 18 17 18 17 18 17
 17 18 17 25 18 18 14 17 18 17
 17 18 17 25 18 18 14 18 17 17
 17 18 17 25 18 18 18 14 18 18
 17 18 17 25 17 17 17 17 18 14
 17 18 17 17 17 18 14 18 18 18
 17 18 17 17 17 18 14 17 18 27
 17 18 17 17 17 25 18 14 18 17
 17 18 17 17 17 17 17 18 14 27
 17 18 17 17 17 17 17 18 14 17
 17 18 17 17 18 17 18 17 25 18
 17 18 18 18 18 18 18 18 17 17
 17 18 18 18 18 18 18 18 18 18
 17 18 18 18 18 18 18 17 17 17
 17 18 18 18 14 18 18 18 14 18
 17 18 18 18 17 18 17 18 17 18
 17 18 18 17 18 17 18 17 18 17
 17 18 18 17 18 17 18 17 17 17
 17 18 27 27 27 27 27 27 27 27
 17 25 18 18 14 17 18 17 18 14
 17 25 18 18 14 17 18 17 17 17
 17 25 18 18 14 14 14 17 18 17
 17 25 18 18 14 18 17 17 17 17
 17 25 18 18 14 18 18 14 14 17
 17 25 18 18 18 14 17 18 17 17
 17 25 18 18 18 14 18 18 18 14
 17 25 18 14 17 18 17 17 17 18
 17 25 18 14 18 18 18 17 17 17
 17 25 18 14 18 18 18 17 17 25
 17 25 18 14 18 18 14 18 17 17
 17 25 18 14 18 17 17 25 18 14
 17 25 18 14 18 17 17 25 18 18
 17 25 18 14 18 17 17 25 17 17
 17 25 18 14 18 17 18 17 25 18
 17 25 18 14 18 27 27 27 27 27
 17 25 18 14 14 18 17 18 17 18
 17 25 18 14 14 18 18 18 18 17
 17 25 18 14 14 18 18 18 18 18
 17 25 18 17 17 18 14 18 17 17
 17 25 18 17 18 17 18 18 17 18
 17 25 18 17 18 17 18 17 18 17
 17 25 17 17 17 17 18 14 18 18
 17 25 17 17 25 18 14 18 18 18
 13 9 12 14 6 18 18 17 17 18
 9 12 14 6 18 18 17 17 18 14
 12 14 6 18 18 17 17 18 14 18
 6 18 18 17 17 18 14 18 17 17
 25 18 18 14 17 18 17 18 14 14
 25 18 18 14 17 18 17 17 17 25
 25 18 18 14 14 14 17 18 17 18
 25 18 18 14 18 17 17 17 17 25
 25 18 18 14 18 18 14 14 17 18
 25 18 18 18 14 17 18 17 17 17
 25 18 18 18 14 18 18 18 14 17
 25 18 14 17 18 17 17 17 18 14
 25 18 14 18 18 18 17 17 17 17
 25 18 14 18 18 18 17 17 25 18
 25 18 14 18 18 14 18 17 17 25
 25 18 14 18 17 17 25 18 14 18
 25 18 14 18 17 17 25 18 14 14
 25 18 14 18 17 17 25 18 18 18
 25 18 14 18 17 17 25 17 17 25
 25 18 14 18 17 18 17 25 18 17
 25 18 14 18 17 18 17 25 18 18
 25 18 14 18 27 27 27 27 27 27
 25 18 14 14 18 17 18 17 18 17
 25 18 14 14 18 18 18 18 17 18
 25 18 14 14 18 18 18 18 18 18
 25 18 17 17 18 14 18 17 17 25
 25 18 17 18 17 18 18 17 18 17
 25 18 17 18 17 18 17 18 17 18
 25 17 17 17 17 18 14 18 18 14
 25 17 17 25 18 14 18 18 18 17
