 2 12 2 13 9 12
 2 13 9 12 6 2
 2 13 14 9 12 12
 12 2 13 9 12 6
 12 6 2 13 14 9
 12 6 12 13 9 12
 12 6 13 9 12 14
 12 12 12 6 12 13
 12 12 6 12 13 9
 12 12 6 13 9 12
 12 13 9 12 12 6
 12 14 6 9 12 25
 12 25 6 6 27 27
 13 9 12 6 2 13
 13 9 12 12 6 13
 13 9 12 14 6 9
 13 14 9 12 12 12
 9 12 6 2 13 14
 9 12 12 12 6 12
 9 12 12 6 13 9
 9 12 14 6 9 12
 9 12 25 6 6 27
 6 2 13 14 9 12
 6 12 13 9 12 12
 6 13 9 12 14 6
 6 9 12 25 6 6
 6 6 27 27 27 27
 6 27 27 27 27 27
 14 9 12 12 12 6
 14 6 9 12 25 6
 25 6 6 27 27 27
