 2 2 2 6 25 21
 2 2 6 25 21 21
 2 2 13 25 25 25
 2 6 25 21 21 2
 2 21 6 13 13 2
 2 21 6 25 27 27
 2 13 25 25 25 25
 2 13 25 25 6 21
 6 25 21 21 2 21
 6 25 27 27 27 27
 6 13 13 2 2 13
 6 13 21 14 6 13
 6 13 21 14 6 2
 6 2 13 25 25 6
 6 2 21 6 25 27
 6 21 13 25 25 25
 6 6 13 21 14 6
 25 21 21 2 21 6
 25 25 25 25 25 25
 25 25 25 25 25 6
 25 25 25 25 6 2
 25 25 25 25 6 13
 25 25 25 25 6 6
 25 25 25 6 2 13
 25 25 25 6 13 13
 25 25 25 6 6 13
 25 25 6 2 13 25
 25 25 6 21 13 25
 25 25 6 13 13 2
 25 25 6 6 13 21
 25 6 2 13 25 25
 25 6 21 13 25 25
 25 6 13 13 2 2
 25 6 6 13 21 14
 25 27 27 27 27 27
 21 21 2 21 6 13
 21 2 21 6 13 13
 21 6 13 13 2 2
 21 6 25 27 27 27
 21 13 25 25 25 25
 21 14 6 13 21 14
 21 14 6 2 21 6
 13 13 2 2 13 25
 13 2 2 13 25 25
 13 25 25 25 25 25
 13 25 25 6 21 13
 13 21 14 6 13 21
 13 21 14 6 2 21
 14 6 13 21 14 6
 14 6 2 21 6 25
